1.49839e-10
1.31576e-10
1.15385e-10
1.0105e-10
8.83733e-11
7.71782e-11
6.73043e-11
5.86073e-11
5.09576e-11
4.42384e-11
3.83449e-11
3.31832e-11
2.86692e-11
2.47279e-11
2.12917e-11
1.83008e-11
1.57018e-11
1.34471e-11
1.14944e-11
9.80649e-12
8.34965e-12
7.09494e-12
6.0163e-12
5.09065e-12
4.29801e-12
3.62055e-12
3.04295e-12
2.55135e-12
2.13402e-12
1.78046e-12
1.4817e-12
1.22968e-12
1.01785e-12
8.40106e-13
6.91447e-13
5.67324e-13
4.64073e-13
3.78475e-13
3.07532e-13
2.49134e-13
2.01061e-13
1.61648e-13
1.29563e-13
1.03362e-13
8.22675e-14
6.50591e-14
5.12923e-14
4.03011e-14
3.14193e-14
2.45359e-14
1.88738e-14
1.45439e-14
1.12133e-14
8.54872e-15
6.43929e-15
4.77396e-15
3.66374e-15
2.66454e-15
1.9984e-15
1.44329e-15
9.99201e-16
7.77156e-16
5.55112e-16
3.33067e-16
3.33067e-16
2.22045e-16
1.11022e-16
1.11022e-16
1.11022e-16
0
1.11022e-16
0
0
0
0
0
1.11022e-16
0
0
0
0
0
1.11022e-16
0
0
0
0
0
0
0
0
0
0
0
0
1.11022e-16
0
0
0
0
0
0
0
0
0
0
0
0
0
0
0
0
0
0
0
0
0
0
0
0
0
0
0
0
0
0
0
2.22045e-16
0
0
0
0
0
0
2.22045e-16
2.22045e-16
2.22045e-16
4.44089e-16
6.66134e-16
6.66134e-16
1.11022e-15
1.55431e-15
1.9984e-15
2.88658e-15
3.9968e-15
5.10703e-15
6.88338e-15
9.10383e-15
1.19904e-14
1.55431e-14
2.04281e-14
2.64233e-14
3.37508e-14
4.32987e-14
5.52891e-14
7.03881e-14
8.92619e-14
1.12355e-13
1.40776e-13
1.76081e-13
2.18936e-13
2.71783e-13
3.35953e-13
4.14335e-13
5.08704e-13
6.22391e-13
7.59615e-13
9.24594e-13
1.12199e-12
1.35714e-12
1.6378e-12
1.97087e-12
2.36522e-12
2.83151e-12
3.38218e-12
4.03055e-12
4.79083e-12
5.68301e-12
6.72573e-12
7.94342e-12
9.3614e-12
1.10103e-11
1.29243e-11
1.51412e-11
1.77054e-11
2.06661e-11
2.40776e-11
2.80029e-11
3.25131e-11
3.76859e-11
4.36104e-11
5.03855e-11
5.81224e-11
6.69429e-11
7.69873e-11
8.84084e-11
1.01378e-10
1.16085e-10
1.32744e-10
1.51588e-10
1.72876e-10
