0.00712056
0.00678164
0.00645557
0.006142
0.00584055
0.0055509
0.0052727
0.00500562
0.00474933
0.00450351
0.00426784
0.00404201
0.00382573
0.00361868
0.00342059
0.00323116
0.00305012
0.00287718
0.00271209
0.00255457
0.00240437
0.00226124
0.00212493
0.0019952
0.00187181
0.00175454
0.00164316
0.00153744
0.00143718
0.00134217
0.0012522
0.00116706
0.00108658
0.00101056
0.000938806
0.00087115
0.000807416
0.000747433
0.000691036
0.000638065
0.000588364
0.000541782
0.000498173
0.000457395
0.000419309
0.000383783
0.000350688
0.000319897
0.000291292
0.000264755
0.000240174
0.00021744
0.000196448
0.000177099
0.000159294
0.000142942
0.000127952
0.000114239
0.00010172
9.03169e-05
7.9954e-05
7.05593e-05
6.20641e-05
5.44031e-05
4.75139e-05
4.13374e-05
3.58172e-05
3.09003e-05
2.65363e-05
2.26775e-05
1.92793e-05
1.62995e-05
1.36985e-05
1.14394e-05
9.48753e-06
7.81068e-06
6.37893e-06
5.16458e-06
4.14204e-06
3.28778e-06
2.58026e-06
1.99981e-06
1.52859e-06
1.15049e-06
8.51034e-07
6.17325e-07
4.37935e-07
3.02829e-07
2.03283e-07
1.31787e-07
8.1964e-08
4.84788e-08
2.69467e-08
1.38441e-08
6.41575e-09
2.58262e-09
8.47677e-10
2.01492e-10
2.65781e-11
8.32001e-13
0
8.34888e-13
2.67557e-11
2.03517e-10
8.59055e-10
2.62602e-09
6.54536e-09
1.41709e-08
2.7675e-08
4.99552e-08
8.47423e-08
1.36709e-07
2.11579e-07
3.16241e-07
4.58857e-07
6.48978e-07
8.97658e-07
1.21757e-06
1.62312e-06
2.13057e-06
2.75816e-06
3.52621e-06
4.45725e-06
5.57618e-06
6.91032e-06
8.4896e-06
1.03467e-05
1.2517e-05
1.5039e-05
1.79543e-05
2.13076e-05
2.5147e-05
2.95243e-05
3.44947e-05
4.01172e-05
4.64548e-05
5.35746e-05
6.15476e-05
7.04494e-05
8.03601e-05
9.13643e-05
0.000103551
0.000117016
0.000131856
0.000148179
0.000166092
0.000185712
0.000207159
0.000230562
0.000256053
0.000283771
0.000313861
0.000346476
0.000381775
0.000419922
0.000461091
0.00050546
0.000553218
0.000604557
0.000659682
0.0007188
0.000782132
0.000849902
0.000922346
0.000999706
0.00108224
0.00117019
0.00126385
0.00136349
0.0014694
0.00158187
0.00170122
0.00182777
0.00196184
0.00210377
0.00225392
0.00241265
0.00258032
0.00275733
0.00294406
0.00314093
0.00334835
0.00356676
0.00379661
0.00403834
0.00429242
0.00455935
0.00483962
0.00513373
0.00544222
0.00576561
0.00610447
0.00645935
0.00683084
0.00721954
0.00762607
0.00805103
0.00849509
0.0089589
0.00944314
0.0099485
