2.50327e-06
2.2889e-06
2.09096e-06
1.90835e-06
1.74003e-06
1.585e-06
1.44235e-06
1.3112e-06
1.19074e-06
1.0802e-06
9.78851e-07
8.8603e-07
8.011e-07
7.23471e-07
6.52588e-07
5.87935e-07
5.29027e-07
4.75416e-07
4.2668e-07
3.82428e-07
3.42295e-07
3.05944e-07
2.7306e-07
2.4335e-07
2.16544e-07
1.9239e-07
1.70658e-07
1.51132e-07
1.33614e-07
1.17922e-07
1.03887e-07
9.13552e-08
8.0183e-08
7.02404e-08
6.14074e-08
5.35744e-08
4.66412e-08
4.05161e-08
3.51156e-08
3.03639e-08
2.61917e-08
2.25364e-08
1.93412e-08
1.65546e-08
1.41303e-08
1.20265e-08
1.02055e-08
8.63356e-09
7.28037e-09
6.11887e-09
5.12492e-09
4.27699e-09
3.55601e-09
2.94503e-09
2.42912e-09
1.99507e-09
1.63132e-09
1.3277e-09
1.07535e-09
8.66521e-10
6.94519e-10
5.53537e-10
4.3857e-10
3.45321e-10
2.70117e-10
2.09828e-10
1.61802e-10
1.238e-10
9.3944e-11
7.06638e-11
5.26571e-11
3.88483e-11
2.83554e-11
2.04604e-11
1.45822e-11
1.02554e-11
7.10909e-12
4.85167e-12
3.25517e-12
2.14373e-12
1.38312e-12
8.72635e-13
5.36904e-13
3.2141e-13
1.86295e-13
1.04361e-13
5.60663e-14
2.88658e-14
1.40998e-14
6.43929e-15
2.66454e-15
1.11022e-15
3.33067e-16
1.11022e-16
1.11022e-16
0
0
0
0
0
0
0
0
0
0
0
0
0
4.44089e-16
1.11022e-15
2.66454e-15
6.66134e-15
1.42109e-14
2.9754e-14
5.77316e-14
1.0747e-13
1.92291e-13
3.32401e-13
5.56666e-13
9.06608e-13
1.43974e-12
2.23577e-12
3.4015e-12
5.08016e-12
7.4587e-12
1.07812e-11
1.53606e-11
2.15956e-11
2.99887e-11
4.11684e-11
5.59139e-11
7.51845e-11
1.00154e-10
1.32248e-10
1.7319e-10
2.25046e-10
2.90287e-10
3.71851e-10
4.73209e-10
5.98454e-10
7.52381e-10
9.40593e-10
1.16961e-09
1.44698e-09
1.78144e-09
2.18303e-09
2.66329e-09
3.23542e-09
3.91447e-09
4.71757e-09
5.66417e-09
6.77626e-09
8.07871e-09
9.5995e-09
1.13701e-08
1.34257e-08
1.5806e-08
1.85549e-08
2.17216e-08
2.53608e-08
2.95334e-08
3.43065e-08
3.97549e-08
4.59608e-08
5.30152e-08
6.10182e-08
7.00798e-08
8.03211e-08
9.18748e-08
1.04886e-07
1.19514e-07
1.35932e-07
1.5433e-07
1.74914e-07
1.97909e-07
2.2356e-07
2.52132e-07
2.83913e-07
3.19215e-07
3.58376e-07
4.01762e-07
4.49768e-07
5.02821e-07
5.6138e-07
6.25941e-07
6.97037e-07
7.75244e-07
8.61177e-07
9.555e-07
1.05892e-06
1.17221e-06
1.29617e-06
1.43169e-06
1.5797e-06
1.7412e-06
1.91726e-06
2.10902e-06
2.31769e-06
2.54458e-06
2.79106e-06
3.05862e-06
