0.367879
0.371577
0.375311
0.379083
0.382893
0.386741
0.390628
0.394554
0.398519
0.402524
0.40657
0.410656
0.414783
0.418952
0.423162
0.427415
0.431711
0.436049
0.440432
0.444858
0.449329
0.453845
0.458406
0.463013
0.467666
0.472367
0.477114
0.481909
0.486752
0.491644
0.496585
0.501576
0.506617
0.511709
0.516851
0.522046
0.527292
0.532592
0.537944
0.543351
0.548812
0.554327
0.559898
0.565525
0.571209
0.57695
0.582748
0.588605
0.594521
0.600496
0.606531
0.612626
0.618783
0.625002
0.631284
0.637628
0.644036
0.650509
0.657047
0.66365
0.67032
0.677057
0.683861
0.690734
0.697676
0.704688
0.71177
0.718924
0.726149
0.733447
0.740818
0.748264
0.755784
0.763379
0.771052
0.778801
0.786628
0.794534
0.802519
0.810584
0.818731
0.826959
0.83527
0.843665
0.852144
0.860708
0.869358
0.878095
0.88692
0.895834
0.904837
0.913931
0.923116
0.932394
0.941765
0.951229
0.960789
0.970446
0.980199
0.99005
1
1.01005
1.0202
1.03045
1.04081
1.05127
1.06184
1.07251
1.08329
1.09417
1.10517
1.11628
1.1275
1.13883
1.15027
1.16183
1.17351
1.1853
1.19722
1.20925
1.2214
1.23368
1.24608
1.2586
1.27125
1.28403
1.29693
1.30996
1.32313
1.33643
1.34986
1.36343
1.37713
1.39097
1.40495
1.41907
1.43333
1.44773
1.46228
1.47698
1.49182
1.50682
1.52196
1.53726
1.55271
1.56831
1.58407
1.59999
1.61607
1.63232
1.64872
1.66529
1.68203
1.69893
1.71601
1.73325
1.75067
1.76827
1.78604
1.80399
1.82212
1.84043
1.85893
1.87761
1.89648
1.91554
1.93479
1.95424
1.97388
1.99372
2.01375
2.03399
2.05443
2.07508
2.09594
2.117
2.13828
2.15977
2.18147
2.2034
2.22554
2.24791
2.2705
2.29332
2.31637
2.33965
2.36316
2.38691
2.4109
2.43513
2.4596
2.48432
2.50929
2.53451
2.55998
2.58571
2.6117
2.63794
2.66446
2.69123
2.71828
