0.375
0.378358
0.381767
0.385225
0.388733
0.392292
0.395901
0.399559
0.403268
0.407028
0.410837
0.414698
0.418609
0.42257
0.426583
0.430646
0.434761
0.438926
0.443144
0.447413
0.451733
0.456106
0.460531
0.465008
0.469538
0.474121
0.478757
0.483446
0.488189
0.492986
0.497837
0.502743
0.507704
0.512719
0.51779
0.522917
0.5281
0.533339
0.538635
0.543989
0.5494
0.554869
0.560397
0.565983
0.571628
0.577334
0.583099
0.588925
0.594812
0.60076
0.606771
0.612844
0.61898
0.625179
0.631443
0.637771
0.644164
0.650623
0.657149
0.663741
0.6704
0.677127
0.683923
0.690789
0.697724
0.704729
0.711806
0.718955
0.726176
0.73347
0.740838
0.74828
0.755797
0.763391
0.771061
0.778809
0.786634
0.794539
0.802523
0.810588
0.818733
0.826961
0.835272
0.843666
0.852145
0.860709
0.869359
0.878096
0.886921
0.895834
0.904837
0.913931
0.923116
0.932394
0.941765
0.951229
0.960789
0.970446
0.980199
0.99005
1
1.01005
1.0202
1.03045
1.04081
1.05127
1.06184
1.07251
1.08329
1.09417
1.10517
1.11628
1.1275
1.13883
1.15027
1.16183
1.17351
1.1853
1.19722
1.20925
1.2214
1.23367
1.24607
1.25859
1.27124
1.28402
1.29692
1.30995
1.32311
1.33641
1.34984
1.3634
1.3771
1.39093
1.40491
1.41902
1.43328
1.44767
1.46221
1.4769
1.49173
1.50671
1.52184
1.53713
1.55256
1.56815
1.58389
1.59979
1.61584
1.63206
1.64844
1.66498
1.68168
1.69855
1.71559
1.73279
1.75017
1.76771
1.78543
1.80333
1.8214
1.83965
1.85808
1.87669
1.89548
1.91446
1.93362
1.95297
1.97251
1.99225
2.01217
2.03229
2.05261
2.07312
2.09383
2.11475
2.13586
2.15719
2.17871
2.20045
2.2224
2.24456
2.26693
2.28952
2.31233
2.33535
2.3586
2.38207
2.40577
2.42969
2.45384
2.47822
2.50283
2.52768
2.55276
2.57808
2.60365
2.62945
2.6555
2.68179
2.70833
