0.0750959
0.0394875
0.0202721
0.0102742
0.00517244
0.00259516
0.00129983
0.000650477
0.00032538
0.000162725
8.13714e-05
4.06879e-05
2.03445e-05
1.01724e-05
5.08624e-06
2.54314e-06
1.27158e-06
6.3586e-07
3.18047e-07
1.59489e-07
8.05594e-08
4.00469e-08
2.04891e-08
1.49012e-08
1.49012e-08
1.49012e-08
5.96046e-08
5.96046e-08
2.38419e-07
2.38419e-07
9.53674e-07
9.53674e-07
3.8147e-06
3.8147e-06
1.52588e-05
1.52588e-05
6.10352e-05
6.10352e-05
0.000244141
0.000244141
0.000976562
0.000976562
0.00390625
0.00390625
0.015625
0.015625
0.0625
0.0625
0.25
0.25
1
1
