0.03125
0.015625
0.0078125
0.00390625
0.00195313
0.000976563
0.000488281
0.000244141
0.00012207
6.10352e-05
3.05176e-05
1.52588e-05
7.6294e-06
3.8147e-06
1.90736e-06
9.53694e-07
4.76878e-07
2.38499e-07
1.19371e-07
5.99274e-08
3.04479e-08
1.61922e-08
1.00328e-08
8.88964e-09
1.21913e-08
2.15887e-08
4.17805e-08
8.28624e-08
1.65376e-07
3.30577e-07
6.61066e-07
1.32209e-06
2.64415e-06
5.2883e-06
1.05766e-05
2.11532e-05
4.23063e-05
8.46127e-05
0.000169225
0.000338451
0.000676902
0.0013538
0.00270761
0.00541521
0.0108304
0.0216608
0.0433217
0.0866434
0.173287
0.346574
0.693147
1.38629
