0 0.632121 0.632121
1 0.367879 0.367879
2 0.264241 0.132121
3 0.207277 0.0345461
4 0.170893 0.00712056
5 0.145533 0.00121277
6 0.126802 0.000176114
7 0.112384 2.22983e-05
8 0.100932 2.50327e-06
9 0.0916123 2.52459e-07
10 0.0838771 2.31143e-08
11 0.0773522 1.93784e-09
12 0.0717732 1.49839e-10
13 0.0669478 1.07512e-11
14 0.0627311 7.19572e-13
15 0.0590338 4.51441e-14
16 0.0554593 2.65066e-15
17 0.0571919 1.60792e-16
18 -0.0294537 -4.60043e-18
19 1.55962 1.28211e-17
20 -30.1924 -1.241e-17
21 635.04 1.24296e-17
22 -13969.9 -1.24287e-17
23 321308 1.24288e-17
24 -7.7114e+06 -1.24288e-17
25 1.92785e+08 1.24288e-17
