0 0.762121 0.762121
1 0.237879 0.237879
2 0.524241 0.262121
3 -0.572723 -0.0954539
4 3.29089 0.137121
5 -15.4545 -0.128787
6 93.7268 0.130176
7 -655.088 -0.129978
8 5241.7 0.130003
9 -47174.3 -0.13
10 471744 0.13
11 -5.18918e+06 -0.13
12 6.22702e+07 0.13
13 -8.09513e+08 -0.13
14 1.13332e+10 0.13
15 -1.69998e+11 -0.13
16 2.71996e+12 0.13
17 -4.62394e+13 -0.13
18 8.32309e+14 0.13
19 -1.58139e+16 -0.13
20 3.16277e+17 0.13
21 -6.64182e+18 -0.13
22 1.4612e+20 0.13
23 -3.36076e+21 -0.13
24 8.06583e+22 0.13
25 -2.01646e+24 -0.13
