0 0.632086 0.632086
1 0.367914 0.367914
2 0.264171 0.132086
3 0.207487 0.0345811
4 0.170053 0.00708556
5 0.149733 0.00124777
6 0.101602 0.000141114
7 0.288784 5.72983e-05
8 -1.31027 -3.24967e-05
9 12.7924 3.52525e-05
10 -126.924 -3.49769e-05
11 1397.17 3.50019e-05
12 -16765 -3.49999e-05
13 217946 3.5e-05
14 -3.05124e+06 -3.5e-05
15 4.57686e+07 3.5e-05
16 -7.32298e+08 -3.5e-05
17 1.24491e+10 3.5e-05
18 -2.24083e+11 -3.5e-05
19 4.25758e+12 3.5e-05
20 -8.51516e+13 -3.5e-05
21 1.78818e+15 3.5e-05
22 -3.934e+16 -3.5e-05
23 9.04821e+17 3.5e-05
24 -2.17157e+19 -3.5e-05
