0 0.634521 0.634521
1 0.365479 0.365479
2 0.269041 0.134521
3 0.192877 0.0321461
4 0.228493 0.00952056
5 -0.142467 -0.00118723
6 1.8548 0.00257611
7 -11.9836 -0.0023777
8 96.8689 0.0024025
9 -870.82 -0.00239975
10 8709.2 0.00240002
11 -95800.2 -0.0024
12 1.1496e+06 0.0024
13 -1.49448e+07 -0.0024
14 2.09228e+08 0.0024
15 -3.13842e+09 -0.0024
16 5.02147e+10 0.0024
17 -8.5365e+11 -0.0024
18 1.53657e+13 0.0024
19 -2.91948e+14 -0.0024
20 5.83896e+15 0.0024
21 -1.22618e+17 -0.0024
22 2.6976e+18 0.0024
23 -6.20448e+19 -0.0024
24 1.48908e+21 0.0024
