0.07
0.0696357
0.0692714
0.0689071
0.0685428
0.0681787
0.0678146
0.0674506
0.0670867
0.066723
0.0663594
0.0659959
0.0656327
0.0652696
0.0649068
0.0645442
0.0641818
0.0638197
0.0634579
0.0630964
0.0627351
0.0623742
0.0620137
0.0616535
0.0612936
0.0609342
0.0605752
0.0602166
0.0598584
0.0595007
0.0591434
0.0587866
0.0584304
0.0580746
0.0577194
0.0573647
0.0570105
0.056657
0.056304
0.0559517
0.0555999
0.0552488
0.0548984
0.0545486
0.0541994
0.053851
0.0535033
0.0531563
0.05281
0.0524645
0.0521198
0.0517758
0.0514326
0.0510902
0.0507487
0.0504079
0.050068
0.049729
0.0493908
0.0490535
0.0487172
0.0483817
0.0480471
0.0477135
0.0473808
0.0470491
0.0467184
0.0463886
0.0460599
0.0457321
0.0454053
0.0450796
0.044755
0.0444313
0.0441088
0.0437873
0.0434669
0.0431476
0.0428294
0.0425124
0.0421964
0.0418816
0.0415679
0.0412554
0.0409441
0.0406339
0.040325
0.0400172
0.0397106
0.0394052
0.0391011
0.0387982
0.0384965
0.0381961
0.037897
0.0375991
0.0373025
0.0370071
0.0367131
0.0364203
0.0361289
0.0358387
0.0355499
0.0352624
0.0349763
0.0346914
0.034408
0.0341258
0.0338451
0.0335657
0.0332876
0.033011
0.0327357
0.0324618
0.0321893
0.0319182
0.0316485
0.0313802
0.0311134
0.0308479
0.0305839
0.0303212
0.03006
0.0298003
0.029542
0.0292851
0.0290297
0.0287757
0.0285231
0.0282721
0.0280224
0.0277743
0.0275276
0.0272823
0.0270385
0.0267962
0.0265554
0.026316
0.0260781
0.0258417
0.0256068
0.0253733
0.0251413
0.0249108
0.0246818
0.0244543
0.0242282
0.0240037
0.0237806
0.023559
0.0233389
0.0231202
0.0229031
0.0226874
0.0224732
0.0222605
0.0220493
0.0218396
0.0216313
0.0214245
0.0212192
0.0210154
0.0208131
0.0206122
0.0204128
0.0202148
0.0200183
0.0198233
0.0196298
0.0194377
0.0192471
0.0190579
0.0188702
0.0186839
0.0184991
0.0183157
0.0181338
0.0179533
0.0177742
0.0175966
0.0174204
0.0172456
0.0170723
0.0169003
0.0167298
0.0165607
0.016393
0.0162267
0.0160618
0.0158982
0.0157361
0.0155753
0.015416
0.015258
0.0151013
0.0149461
0.0147922
0.0146396
0.0144884
0.0143385
