56.7
56.6491
56.6133
56.5899
56.5768
56.5719
56.5738
56.5809
56.592
56.6061
56.6224
56.6401
56.6586
56.6774
56.6961
56.7145
56.7322
56.749
56.7649
56.7796
56.7933
56.8057
56.8169
56.827
56.8359
56.8437
56.8504
56.8562
56.861
56.865
56.8683
56.8709
56.873
56.8746
56.8758
56.8767
56.8773
56.8779
56.8784
56.879
56.8797
56.8806
56.8817
56.8832
56.8851
56.8874
56.8902
56.8936
56.8975
56.9021
56.9073
56.9131
56.9196
56.9268
56.9347
56.9432
56.9524
56.9622
56.9726
56.9836
56.9951
57.0072
57.0196
57.0325
57.0456
57.0591
57.0727
57.0865
57.1003
57.1141
57.1278
57.1414
57.1547
57.1677
57.1803
57.1924
57.204
57.215
57.2253
57.235
57.2438
57.2519
57.259
57.2653
57.2707
57.2751
57.2786
57.2811
57.2827
57.2833
57.283
57.2817
57.2796
57.2767
57.2729
57.2684
57.2632
57.2574
57.2511
57.2442
57.2369
57.2293
57.2215
57.2135
57.2053
57.1972
57.1891
57.1812
57.1735
57.1661
57.159
57.1524
57.1463
57.1406
57.1356
57.1312
57.1274
57.1243
57.1219
57.1203
57.1193
57.1191
57.1195
57.1207
57.1226
57.1252
57.1285
57.1324
57.137
57.1423
57.1482
57.1549
57.1621
57.1702
57.1789
57.1885
57.199
57.2105
57.223
57.2367
57.2518
57.2683
57.2865
57.3066
57.3287
57.353
57.3797
57.409
57.4411
57.4761
57.5141
57.5552
57.5993
57.6463
57.6959
57.7478
57.8015
57.856
57.9105
57.9636
58.0136
58.0585
58.0957
58.1222
58.1343
58.1276
58.097
58.0365
57.939
57.7964
57.5992
57.3366
56.9962
56.5639
56.0237
55.3573
54.5441
53.5612
52.3824
50.9787
49.3175
47.3625
45.0734
42.4052
39.3082
35.7274
31.602
26.865
21.4425
15.2534
8.20858
0.21049
-8.84777
-19.083
-30.6227
-43.6061
-58.1845
-74.5227
-92.7997
-113.21
