56.7
-2537.19
-3846.96
-4304.92
-4226.11
-3835.32
-3288.67
-2690.75
-2108.16
-1580.05
-1126.18
-753.181
-459.119
-236.927
-76.8388
31.9184
99.9883
137.182
152.082
151.874
142.327
127.874
111.757
96.2026
82.5986
71.6773
63.6779
58.4904
55.7776
55.0742
55.8642
57.6375
59.9301
62.3487
64.5832
66.4105
67.6902
68.3564
68.4057
67.8844
66.8747
65.4823
63.8239
62.0182
60.1773
58.4008
56.7715
55.3531
54.1895
53.3051
52.7064
52.3841
52.3162
52.4708
52.8092
53.289
53.8668
54.5007
55.1519
55.7865
56.3764
56.9002
57.3429
57.6958
57.9565
58.1275
58.2157
58.2315
58.1874
58.0974
57.9756
57.8359
57.6908
57.5513
57.4261
57.3216
57.242
57.1888
57.1617
57.1584
57.1751
57.2072
57.249
57.2951
57.3398
57.3784
57.4066
57.4214
57.4209
57.4045
57.3728
57.3273
57.2707
57.2064
57.1384
57.0706
57.0074
56.9524
56.909
56.8799
56.8667
56.8703
56.8904
56.9259
56.9747
57.0339
57.1
57.1693
57.2378
57.3015
57.357
57.4013
57.4319
57.4477
57.448
57.4335
57.4058
57.3671
57.3208
57.2704
57.2199
57.1734
57.1345
57.1064
57.0915
57.0911
57.1055
57.1336
57.173
57.2203
57.271
57.3199
57.3612
57.3895
57.3996
57.3874
57.3499
57.2862
57.1974
57.0868
56.96
56.8249
56.6912
56.5698
56.4724
56.4103
56.3933
56.4291
56.5215
56.6703
56.8698
57.1085
57.3695
57.6306
57.8658
58.0468
58.1461
58.1398
58.0113
57.7558
57.3835
56.9235
56.4257
55.9607
55.6177
55.4971
55.6999
56.3094
57.3673
58.8416
60.5874
62.2996
63.4609
63.2879
60.6789
54.1747
41.9412
21.7917
-8.72793
-52.1626
-110.84
-186.377
-278.945
-386.196
-501.762
-613.187
-699.144
-725.736
-641.645
-371.848
190.444
1194.04
2842.71
5411.37
9266.25
14889.8
22911.4
34144.8
49633.6
70707
