0
0.00125391
0.00233102
0.00324659
0.00401494
0.00464946
0.0051627
0.00556634
0.00587132
0.00608782
0.0062253
0.00629255
0.00629774
0.00624842
0.00615157
0.00601364
0.00584055
0.00563777
0.00541027
0.00516263
0.00489901
0.00462319
0.0043386
0.00404832
0.00375513
0.00346152
0.0031697
0.00288162
0.002599
0.00232333
0.00205591
0.00179783
0.00155002
0.00131324
0.00108809
0.000875055
0.000674483
0.000486607
0.000311558
0.000149372
0
0.000136683
0.00026087
0.000372814
0.000472822
0.000561247
0.00063848
0.00070495
0.00076111
0.00080744
0.000844437
0.000872613
0.000892489
0.000904593
0.000909457
0.000907613
0.000899587
0.000885903
0.000867076
0.000843611
0.000815999
0.000784722
0.000750242
0.000713009
0.000673453
0.000631986
0.000589003
0.000544876
0.00049996
0.000454587
0.000409071
0.000363702
0.000318752
0.000274471
0.000231089
0.000188814
0.000147835
0.000108324
7.04289e-05
3.42831e-05
0
3.2324e-05
6.26094e-05
9.07927e-05
0.000116826
0.000140676
0.000162324
0.000181763
0.000199
0.000214053
0.000226951
0.000237733
0.000246448
0.000253152
0.000257912
0.000260797
0.000261888
0.000261267
0.000259023
0.000255249
0.000250041
0.0002435
0.000235725
0.000226821
0.000216891
0.00020604
0.000194372
0.000181993
0.000169004
0.000155507
0.000141602
0.000127386
0.000112955
9.83994e-05
8.38085e-05
6.92672e-05
5.48565e-05
4.06537e-05
2.67318e-05
1.31592e-05
0
1.26864e-05
2.48455e-05
3.64273e-05
4.73871e-05
5.76848e-05
6.72852e-05
7.61581e-05
8.42781e-05
9.16246e-05
9.81816e-05
0.000103938
0.000108886
0.000113025
0.000116356
0.000118884
0.000120621
0.000121578
0.000121775
0.000121231
0.00011997
0.00011802
0.000115409
0.00011217
0.000108337
0.000103948
9.904e-05
9.3654e-05
8.78314e-05
8.16149e-05
7.50483e-05
6.81761e-05
6.10433e-05
5.36952e-05
4.61772e-05
3.85345e-05
3.08121e-05
2.30543e-05
1.53047e-05
7.60605e-06
0
7.47311e-06
1.47744e-05
2.18664e-05
2.87136e-05
3.52821e-05
4.15403e-05
4.74583e-05
5.30087e-05
5.81663e-05
6.29081e-05
6.72138e-05
7.10654e-05
7.44475e-05
7.73473e-05
7.97545e-05
8.16617e-05
8.30636e-05
8.39581e-05
8.43453e-05
8.4228e-05
8.36114e-05
8.25033e-05
8.0914e-05
7.88559e-05
7.63438e-05
7.33948e-05
7.0028e-05
6.62642e-05
6.21267e-05
5.76399e-05
5.28303e-05
4.77258e-05
4.23555e-05
3.67499e-05
3.09406e-05
2.496e-05
1.88416e-05
1.26191e-05
6.32698e-06
0
6.32698e-06
1.26191e-05
1.88416e-05
2.496e-05
3.09406e-05
3.67499e-05
4.23555e-05
4.77258e-05
5.28303e-05
5.76399e-05
6.21267e-05
6.62642e-05
7.0028e-05
7.33948e-05
7.63438e-05
7.88559e-05
8.0914e-05
8.25033e-05
8.36114e-05
8.4228e-05
8.43453e-05
8.39581e-05
8.30636e-05
8.16617e-05
7.97545e-05
7.73473e-05
7.44475e-05
7.10654e-05
6.72138e-05
6.29081e-05
5.81663e-05
5.30087e-05
4.74583e-05
4.15403e-05
3.52821e-05
2.87136e-05
2.18664e-05
1.47744e-05
7.47311e-06
0
7.60605e-06
1.53047e-05
2.30543e-05
3.08121e-05
3.85345e-05
4.61772e-05
5.36952e-05
6.10433e-05
6.81761e-05
7.50483e-05
8.16149e-05
8.78314e-05
9.3654e-05
9.904e-05
0.000103948
0.000108337
0.00011217
0.000115409
0.00011802
0.00011997
0.000121231
0.000121775
0.000121578
0.000120621
0.000118884
0.000116356
0.000113025
0.000108886
0.000103938
9.81816e-05
9.16246e-05
8.42781e-05
7.61581e-05
6.72852e-05
5.76848e-05
4.73871e-05
3.64273e-05
2.48455e-05
1.26864e-05
0
1.31592e-05
2.67318e-05
4.06537e-05
5.48565e-05
6.92672e-05
8.38085e-05
9.83994e-05
0.000112955
0.000127386
0.000141602
0.000155507
0.000169004
0.000181993
0.000194372
0.00020604
0.000216891
0.000226821
0.000235725
0.0002435
0.000250041
0.000255249
0.000259023
0.000261267
0.000261888
0.000260797
0.000257912
0.000253152
0.000246448
0.000237733
0.000226951
0.000214053
0.000199
0.000181763
0.000162324
0.000140676
0.000116826
9.07927e-05
6.26094e-05
3.2324e-05
0
3.42831e-05
7.04289e-05
0.000108324
0.000147835
0.000188814
0.000231089
0.000274471
0.000318752
0.000363702
0.000409071
0.000454587
0.00049996
0.000544876
0.000589003
0.000631986
0.000673453
0.000713009
0.000750242
0.000784722
0.000815999
0.000843611
0.000867076
0.000885903
0.000899587
0.000907613
0.000909457
0.000904593
0.000892489
0.000872613
0.000844437
0.00080744
0.00076111
0.00070495
0.00063848
0.000561247
0.000472822
0.000372814
0.00026087
0.000136683
0
0.000149372
0.000311558
0.000486607
0.000674483
0.000875055
0.00108809
0.00131324
0.00155002
0.00179783
0.00205591
0.00232333
0.002599
0.00288162
0.0031697
0.00346152
0.00375513
0.00404832
0.0043386
0.00462319
0.00489901
0.00516263
0.00541027
0.00563777
0.00584055
0.00601364
0.00615157
0.00624842
0.00629774
0.00629255
0.0062253
0.00608782
0.00587132
0.00556634
0.0051627
0.00464946
0.00401494
0.00324659
0.00233102
0.00125391
0
