0
84273.1
156411
217496
268540
310485
344211
370538
390225
403981
412461
416271
415971
412079
405072
395386
383425
369554
354109
337396
319692
301246
282286
263013
243610
224236
205036
186134
167638
149645
132233
115471
99415.1
84110.9
69594.1
55891.3
43021.4
30995.6
19818.6
9488.91
-0
-8659.64
-16505.7
-23557.5
-29837.7
-35371.7
-40187.1
-44313.7
-47782.7
-50626.8
-52879.6
-54575.3
-55748.7
-56434.6
-56668.1
-56483.8
-55916.1
-54998.9
-53765.3
-52247.7
-50477.7
-48485.6
-46300.9
-43951.8
-41465.5
-38867.7
-36182.8
-33434.2
-30643.6
-27831.5
-25017
-22218
-19450.8
-16730.5
-14070.9
-11484.5
-8982.5
-6574.83
-4270.3
-2076.52
0
1953.85
3780.63
5476.96
7040.36
8469.27
9762.96
10921.5
11945.7
12837
13597.6
14230.2
14738.2
15125.1
15395.4
15553.5
15604.5
15553.6
15406.4
15168.7
14846.4
14445.6
13972.5
13433.4
12834.6
12182.4
11483.2
10743.1
9968.39
9165.04
8339
7496.03
6641.73
5781.49
4920.51
4063.75
3215.96
2381.59
1564.89
769.801
-0
-741.114
-1450.43
-2125.13
-2762.67
-3360.82
-3917.62
-4431.41
-4900.79
-5324.67
-5702.23
-6032.89
-6316.35
-6552.58
-6741.76
-6884.34
-6980.96
-7032.5
-7040.03
-7004.82
-6928.31
-6812.12
-6658.02
-6467.91
-6243.84
-5987.96
-5702.53
-5389.89
-5052.47
-4692.75
-4313.28
-3916.61
-3505.36
-3082.12
-2649.51
-2210.11
-1766.51
-1321.24
-876.783
-435.581
0
427.668
845.216
1250.53
1641.59
2016.49
2373.45
2710.79
3026.96
3320.55
3590.29
3835.03
4053.78
4245.68
4410.03
4546.26
4653.97
4732.9
4782.92
4804.07
4796.52
4760.59
4696.74
4605.55
4487.76
4344.21
4175.87
3983.83
3769.3
3533.59
3278.09
3004.31
2713.83
2408.3
2089.45
1759.07
1419
1071.13
717.368
359.671
-0
-359.671
-717.368
-1071.13
-1419
-1759.07
-2089.45
-2408.3
-2713.83
-3004.31
-3278.09
-3533.59
-3769.3
-3983.83
-4175.87
-4344.21
-4487.76
-4605.55
-4696.74
-4760.59
-4796.52
-4804.07
-4782.92
-4732.9
-4653.97
-4546.26
-4410.03
-4245.68
-4053.78
-3835.03
-3590.29
-3320.55
-3026.96
-2710.79
-2373.45
-2016.49
-1641.59
-1250.53
-845.216
-427.668
0
435.581
876.783
1321.24
1766.51
2210.11
2649.51
3082.12
3505.36
3916.61
4313.28
4692.75
5052.47
5389.89
5702.53
5987.96
6243.84
6467.91
6658.02
6812.12
6928.31
7004.82
7040.03
7032.5
6980.96
6884.34
6741.76
6552.58
6316.35
6032.89
5702.23
5324.67
4900.79
4431.41
3917.62
3360.82
2762.67
2125.13
1450.43
741.114
-0
-769.801
-1564.89
-2381.59
-3215.96
-4063.75
-4920.51
-5781.49
-6641.73
-7496.03
-8339
-9165.04
-9968.39
-10743.1
-11483.2
-12182.4
-12834.6
-13433.4
-13972.5
-14445.6
-14846.4
-15168.7
-15406.4
-15553.6
-15604.5
-15553.5
-15395.4
-15125.1
-14738.2
-14230.2
-13597.6
-12837
-11945.7
-10921.5
-9762.96
-8469.27
-7040.36
-5476.96
-3780.63
-1953.85
0
2076.52
4270.3
6574.83
8982.5
11484.5
14070.9
16730.5
19450.8
22218
25017
27831.5
30643.6
33434.2
36182.8
38867.7
41465.5
43951.8
46300.9
48485.6
50477.7
52247.7
53765.3
54998.9
55916.1
56483.8
56668.1
56434.6
55748.7
54575.3
52879.6
50626.8
47782.7
44313.7
40187.1
35371.7
29837.7
23557.5
16505.7
8659.64
-0
-9488.91
-19818.6
-30995.6
-43021.4
-55891.3
-69594.1
-84110.9
-99415.1
-115471
-132233
-149645
-167638
-186134
-205036
-224236
-243610
-263013
-282286
-301246
-319692
-337396
-354109
-369554
-383425
-395386
-405072
-412079
-415971
-416271
-412461
-403981
-390225
-370538
-344211
-310485
-268540
-217496
-156411
-84273.1
0
