-9.71593e+07
-9.21769e+07
-8.74275e+07
-8.29011e+07
-7.85883e+07
-7.44799e+07
-7.05674e+07
-6.68421e+07
-6.32961e+07
-5.99216e+07
-5.67111e+07
-5.36573e+07
-5.07535e+07
-4.79929e+07
-4.53691e+07
-4.28761e+07
-4.0508e+07
-3.82591e+07
-3.61241e+07
-3.40976e+07
-3.21748e+07
-3.03508e+07
-2.86211e+07
-2.69813e+07
-2.54271e+07
-2.39545e+07
-2.25597e+07
-2.1239e+07
-1.99887e+07
-1.88055e+07
-1.76862e+07
-1.66277e+07
-1.56269e+07
-1.4681e+07
-1.37873e+07
-1.29433e+07
-1.21463e+07
-1.13941e+07
-1.06844e+07
-1.0015e+07
-9.38382e+06
-8.78893e+06
-8.22844e+06
-7.70054e+06
-7.20353e+06
-6.73578e+06
-6.29573e+06
-5.8819e+06
-5.49287e+06
-5.12732e+06
-4.78396e+06
-4.46157e+06
-4.159e+06
-3.87514e+06
-3.60896e+06
-3.35946e+06
-3.12569e+06
-2.90676e+06
-2.70182e+06
-2.51007e+06
-2.33073e+06
-2.16308e+06
-2.00643e+06
-1.86013e+06
-1.72357e+06
-1.59616e+06
-1.47734e+06
-1.36659e+06
-1.26342e+06
-1.16735e+06
-1.07795e+06
-994804
-917508
-845693
-779009
-717125
-659728
-606524
-557237
-511606
-469387
-430348
-394274
-360961
-330218
-301865
-275736
-251672
-229526
-209160
-190444
-173258
-157488
-143030
-129784
-117659
-106569
-96433.4
-87178.9
-78736
-71040.2
-64031.9
-57655.4
-51859.3
-46595.8
-41820.7
-37492.8
-33574.5
-30030.5
-26828.6
-23938.9
-21333.8
-18988
-16878.1
-14982.6
-13281.9
-11757.8
-10393.7
-9174.48
-8086.1
-7115.89
-6252.23
-5484.52
-4803.12
-4199.23
-3664.87
-3192.78
-2776.39
-2409.75
-2087.46
-1804.67
-1556.98
-1340.46
-1151.53
-987.017
-844.054
-720.082
-612.811
-520.2
-440.431
-371.888
-313.136
-262.905
-220.074
-183.651
-152.766
-126.653
-104.643
-86.1492
-70.6609
-57.7337
-46.9824
-38.0737
-30.72
-24.6743
-19.7246
-15.6898
-12.4159
-9.77191
-7.64736
-5.94911
-4.59906
-3.53201
-2.69376
-2.03946
-1.53218
-1.1417
-0.843382
-0.617306
-0.44743
-0.320937
-0.227655
-0.159573
-0.110431
-0.0753793
-0.0506962
-0.0335533
-0.0218243
-0.013929
-0.00870776
-0.00532139
-0.0031715
-0.00183843
-0.00103323
-0.000560895
-0.000292792
-0.000146178
-6.93398e-05
-3.09955e-05
-1.29223e-05
-4.95826e-06
-1.72052e-06
-5.27269e-07
-1.38038e-07
-2.9404e-08
-4.72563e-09
-5.04911e-10
-2.82925e-11
-4.88194e-13
-4.74368e-16
-0
-4.69599e-16
-4.78428e-13
-2.74478e-11
-4.84911e-10
-4.4928e-09
-2.76741e-08
-1.28609e-07
-4.86309e-07
-1.57089e-06
-4.48142e-06
-1.15618e-05
-2.74525e-05
-6.07941e-05
-0.000126869
-0.000251547
-0.000477008
-0.000869806
-0.00153197
-0.00261603
-0.00434483
-0.0070375
-0.0111427
-0.017281
-0.0262974
-0.0393275
-0.0578778
-0.0839234
-0.120027
-0.169479
-0.236466
-0.326273
-0.445507
-0.602378
-0.807009
-1.0718
-1.41184
-1.84538
-2.39441
-3.08522
-3.94911
-5.02319
-6.35123
-7.98466
-9.98359
-12.4181
-15.3695
-18.9318
-23.2135
-28.3389
-34.4506
-41.7113
-50.306
-60.4449
-72.3657
-86.3365
-102.66
-121.674
-143.76
-169.342
-198.893
-232.941
-272.071
-316.931
-368.238
-426.785
-493.442
-569.169
-655.018
-752.143
-861.806
-985.383
-1124.38
-1280.43
-1455.3
-1650.94
-1869.43
-2113.02
-2384.17
-2685.52
-3019.89
-3390.34
-3800.17
-4252.89
-4752.28
-5302.38
-5907.51
-6572.28
-7301.61
-8100.73
-8975.22
-9931
-10974.3
-12111.9
-13350.7
-14698.2
-16162.2
-17751.1
-19473.6
-21338.8
-23356.5
-25536.8
-27890.2
-30427.9
-33161.7
-36103.5
-39266.1
-42662.7
-46307.1
-50213.5
-54396.8
-58872.3
-63655.9
-68764
-74213.6
-80022.1
-86207.4
-92788.1
-99782.9
-107211
-115093
-123448
-132296
-141659
-151558
-162013
-173046
-184679
-196932
-209827
-223385
-237627
-252574
-268245
-284659
-301837
-319794
-338549
-358116
-378510
-399743
-421827
-444769
-468577
-493255
-518804
-545222
-572505
-600644
-629625
-659433
-690045
-721434
-753567
-786407
-819907
-854016
-888673
-923811
-959352
-995211
-1.03129e+06
-1.06748e+06
-1.10367e+06
-1.13973e+06
-1.1755e+06
-1.21084e+06
-1.24556e+06
-1.27949e+06
-1.31241e+06
-1.3441e+06
-1.37433e+06
-1.40282e+06
-1.42929e+06
-1.45344e+06
-1.47494e+06
-1.49343e+06
-1.50853e+06
-1.51983e+06
-1.52689e+06
-1.52924e+06
-1.52638e+06
-1.51776e+06
-1.50282e+06
-1.48094e+06
-1.45146e+06
-1.4137e+06
-1.3669e+06
-1.31028e+06
-1.24301e+06
-1.16419e+06
-1.07288e+06
-968079
-848731
-713711
-561832
-391838
-202399
7885
240497
497000
