0.958924
0.966969
0.974234
0.98073
0.986468
0.991457
0.995709
0.999232
1.00204
1.00413
1.00552
1.00621
1.00622
1.00555
1.00421
1.0022
0.999532
0.996215
0.992254
0.987657
0.982429
0.976579
0.970112
0.963036
0.955357
0.947084
0.938222
0.92878
0.918765
0.908184
0.897045
0.885356
0.873126
0.860361
0.847072
0.833266
0.818952
0.804139
0.788837
0.773055
0.756802
0.74009
0.722927
0.705325
0.687293
0.668844
0.649987
0.630734
0.611097
0.591087
0.570717
0.549998
0.528944
0.507566
0.485877
0.463891
0.441621
0.41908
0.396281
0.373239
0.349967
0.32648
0.302791
0.278916
0.254868
0.230662
0.206313
0.181836
0.157246
0.132557
0.107786
0.082947
0.0580554
0.0331267
0.00817616
-0.0167807
-0.0417285
-0.0666518
-0.0915351
-0.116363
-0.14112
-0.165791
-0.19036
-0.214812
-0.239133
-0.263305
-0.287316
-0.311149
-0.334789
-0.358223
-0.381434
-0.404409
-0.427133
-0.449593
-0.471773
-0.49366
-0.515239
-0.536499
-0.557425
-0.578003
-0.598222
-0.618068
-0.637529
-0.656592
-0.675246
-0.693479
-0.711279
-0.728635
-0.745536
-0.761972
-0.777932
-0.793405
-0.808383
-0.822856
-0.836815
-0.850251
-0.863155
-0.875519
-0.887336
-0.898598
-0.909297
-0.919429
-0.928985
-0.937959
-0.946347
-0.954143
-0.961342
-0.96794
-0.973932
-0.979314
-0.984084
-0.988238
-0.991774
-0.994689
-0.996981
-0.99865
-0.999694
-1.00011
-0.999906
-0.999073
-0.997615
-0.995533
-0.992828
-0.989503
-0.985558
-0.980997
-0.975822
-0.970038
-0.963646
-0.956652
-0.94906
-0.940874
-0.9321
-0.922744
-0.91281
-0.902306
-0.891238
-0.879613
-0.867439
-0.854722
-0.841471
-0.827694
-0.813401
-0.798599
-0.783298
-0.767508
-0.751239
-0.7345
-0.717303
-0.699658
-0.681576
-0.663068
-0.644147
-0.624823
-0.605109
-0.585018
-0.564561
-0.543752
-0.522603
-0.501129
-0.479341
-0.457255
-0.434883
-0.41224
-0.389339
-0.366196
-0.342824
-0.319239
-0.295454
-0.271485
-0.247346
-0.223054
-0.198622
-0.174066
-0.149401
-0.124644
-0.0998085
-0.0749109
-0.0499666
-0.0249911
0
0.0249911
0.0499666
0.0749109
0.0998085
0.124644
0.149401
0.174066
0.198622
0.223054
0.247346
0.271485
0.295454
0.319239
0.342824
0.366196
0.389339
0.41224
0.434883
0.457255
0.479341
0.501129
0.522603
0.543752
0.564561
0.585018
0.605109
0.624823
0.644147
0.663068
0.681576
0.699658
0.717303
0.7345
0.751239
0.767508
0.783298
0.798599
0.813401
0.827694
0.841471
0.854722
0.867439
0.879613
0.891238
0.902306
0.91281
0.922744
0.9321
0.940874
0.94906
0.956652
0.963646
0.970038
0.975822
0.980997
0.985558
0.989503
0.992828
0.995533
0.997615
0.999073
0.999906
1.00011
0.999694
0.99865
0.996981
0.994689
0.991774
0.988238
0.984084
0.979314
0.973932
0.96794
0.961342
0.954143
0.946347
0.937959
0.928985
0.919429
0.909297
0.898598
0.887336
0.875519
0.863155
0.850251
0.836815
0.822856
0.808383
0.793405
0.777932
0.761972
0.745536
0.728635
0.711279
0.693479
0.675246
0.656592
0.637529
0.618068
0.598222
0.578003
0.557425
0.536499
0.515239
0.49366
0.471773
0.449593
0.427133
0.404409
0.381434
0.358223
0.334789
0.311149
0.287316
0.263305
0.239133
0.214812
0.19036
0.165791
0.14112
0.116363
0.0915351
0.0666518
0.0417285
0.0167807
-0.00817616
-0.0331267
-0.0580554
-0.082947
-0.107786
-0.132557
-0.157246
-0.181836
-0.206313
-0.230662
-0.254868
-0.278916
-0.302791
-0.32648
-0.349967
-0.373239
-0.396281
-0.41908
-0.441621
-0.463891
-0.485877
-0.507566
-0.528944
-0.549998
-0.570717
-0.591087
-0.611097
-0.630734
-0.649987
-0.668844
-0.687293
-0.705325
-0.722927
-0.74009
-0.756802
-0.773055
-0.788837
-0.804139
-0.818952
-0.833266
-0.847072
-0.860361
-0.873126
-0.885356
-0.897045
-0.908184
-0.918765
-0.92878
-0.938222
-0.947084
-0.955357
-0.963036
-0.970112
-0.976579
-0.982429
-0.987657
-0.992254
-0.996215
-0.999532
-1.0022
-1.00421
-1.00555
-1.00622
-1.00621
-1.00552
-1.00413
-1.00204
-0.999232
-0.995709
-0.991457
-0.986468
-0.98073
-0.974234
-0.966969
-0.958924
