0.0437884
0.0199363
0.000612634
0.0146758
0.0263865
0.0349431
0.0407374
0.0441306
0.0454552
0.0450167
0.0430946
0.0399443
0.0357982
0.0308672
0.0253419
0.0193938
0.0131765
0.00682671
0.000465632
0.00580032
0.0118784
0.0176886
0.0231628
0.0282438
0.0328846
0.0370475
0.0407036
0.0438319
0.0464184
0.0484559
0.0499433
0.0508847
0.0512891
0.0511701
0.0505448
0.0494341
0.0478614
0.045853
0.0434374
0.0406445
0.0375062
0.0340553
0.0303252
0.0263504
0.0221654
0.0178047
0.013303
0.00869448
0.00401275
0.000709173
0.00543913
0.0101459
0.0147995
0.019371
0.0238328
0.0281589
0.0323244
0.0363062
0.0400829
0.0436344
0.0469426
0.0499908
0.0527642
0.0552497
0.0574358
0.059313
0.0608731
0.06211
0.063019
0.0635971
0.0638429
0.0637566
0.0633399
0.0625961
0.0615296
0.0601465
0.0584541
0.0564609
0.0541766
0.0516122
0.0487796
0.0456918
0.0423626
0.0388067
0.0350399
0.0310782
0.0269387
0.0226388
0.0181966
0.0136305
0.00895934
0.00420232
0.000621242
0.00549181
0.0103898
0.0152955
0.0201893
0.0250517
0.0298634
0.0346053
0.0392586
0.0438047
0.0482256
0.0525037
0.0566219
0.0605637
0.0643131
0.0678548
0.0711744
0.0742579
0.0770924
0.0796658
0.0819665
0.0839844
0.0857098
0.0871342
0.0882501
0.089051
0.0895313
0.0896868
0.0895139
0.0890106
0.0881755
0.0870088
0.0855116
0.083686
0.0815355
0.0790646
0.0762791
0.0731856
0.0697923
0.0661082
0.0621435
0.0579095
0.0534188
0.0486847
0.0437219
0.0385459
0.0331734
0.027622
0.0219102
0.0160575
0.0100843
0.00401163
0.00213842
0.00834317
0.0145792
0.0208225
0.0270484
0.0332319
0.0393474
0.0453691
0.0512709
0.0570266
0.0626097
0.0679941
0.0731537
0.0780628
0.0826959
0.0870283
0.0910362
0.0946964
0.097987
0.100887
0.103378
0.105442
0.107064
0.10823
0.108929
0.109153
0.108897
0.108158
0.106938
0.10524
0.103074
0.100453
0.097392
0.0939133
0.0900421
0.0858085
0.081247
0.0763966
0.0713003
0.0660056
0.0605633
0.0550278
0.0494561
0.0439077
0.0384435
0.0331251
0.0280142
0.0231715
0.0186559
0.0145232
0.0108257
0.00761076
0.00492021
0.00278943
0.00124673
0.000312735
1.11022e-16
0.000312735
0.00124673
0.00278943
0.00492021
0.00761076
0.0108257
0.0145232
0.0186559
0.0231715
0.0280142
0.0331251
0.0384435
0.0439077
0.0494561
0.0550278
0.0605633
0.0660056
0.0713003
0.0763966
0.081247
0.0858085
0.0900421
0.0939133
0.097392
0.100453
0.103074
0.10524
0.106938
0.108158
0.108897
0.109153
0.108929
0.10823
0.107064
0.105442
0.103378
0.100887
0.097987
0.0946964
0.0910362
0.0870283
0.0826959
0.0780628
0.0731537
0.0679941
0.0626097
0.0570266
0.0512709
0.0453691
0.0393474
0.0332319
0.0270484
0.0208225
0.0145792
0.00834317
0.00213842
0.00401163
0.0100843
0.0160575
0.0219102
0.027622
0.0331734
0.0385459
0.0437219
0.0486847
0.0534188
0.0579095
0.0621435
0.0661082
0.0697923
0.0731856
0.0762791
0.0790646
0.0815355
0.083686
0.0855116
0.0870088
0.0881755
0.0890106
0.0895139
0.0896868
0.0895313
0.089051
0.0882501
0.0871342
0.0857098
0.0839844
0.0819665
0.0796658
0.0770924
0.0742579
0.0711744
0.0678548
0.0643131
0.0605637
0.0566219
0.0525037
0.0482256
0.0438047
0.0392586
0.0346053
0.0298634
0.0250517
0.0201893
0.0152955
0.0103898
0.00549181
0.000621242
0.00420232
0.00895934
0.0136305
0.0181966
0.0226388
0.0269387
0.0310782
0.0350399
0.0388067
0.0423626
0.0456918
0.0487796
0.0516122
0.0541766
0.0564609
0.0584541
0.0601465
0.0615296
0.0625961
0.0633399
0.0637566
0.0638429
0.0635971
0.063019
0.06211
0.0608731
0.059313
0.0574358
0.0552497
0.0527642
0.0499908
0.0469426
0.0436344
0.0400829
0.0363062
0.0323244
0.0281589
0.0238328
0.019371
0.0147995
0.0101459
0.00543913
0.000709173
0.00401275
0.00869448
0.013303
0.0178047
0.0221654
0.0263504
0.0303252
0.0340553
0.0375062
0.0406445
0.0434374
0.045853
0.0478614
0.0494341
0.0505448
0.0511701
0.0512891
0.0508847
0.0499433
0.0484559
0.0464184
0.0438319
0.0407036
0.0370475
0.0328846
0.0282438
0.0231628
0.0176886
0.0118784
0.00580032
0.000465632
0.00682671
0.0131765
0.0193938
0.0253419
0.0308672
0.0357982
0.0399443
0.0430946
0.0450167
0.0454552
0.0441306
0.0407374
0.0349431
0.0263865
0.0146758
0.000612634
0.0199363
0.0437884
