0.0384615
0.038834
0.0392118
0.0395951
0.039984
0.0403785
0.0407789
0.0411851
0.0415973
0.0420157
0.0424403
0.0428713
0.0433088
0.0437529
0.0442038
0.0446615
0.0451264
0.0455983
0.0460776
0.0465644
0.0470588
0.047561
0.0480711
0.0485894
0.0491159
0.0496509
0.0501945
0.0507469
0.0513084
0.051879
0.052459
0.0530486
0.0536481
0.0542575
0.0548772
0.0555074
0.0561482
0.0568
0.057463
0.0581374
0.0588235
0.0595216
0.0602319
0.0609547
0.0616903
0.062439
0.0632011
0.063977
0.0647668
0.0655711
0.06639
0.0672241
0.0680735
0.0689388
0.0698202
0.0707182
0.0716332
0.0725656
0.0735159
0.0744844
0.0754717
0.0764782
0.0775044
0.0785507
0.0796178
0.0807062
0.0818163
0.0829488
0.0841043
0.0852833
0.0864865
0.0877145
0.088968
0.0902476
0.0915541
0.0928882
0.0942507
0.0956423
0.0970638
0.0985161
0.1
0.101516
0.103066
0.10465
0.10627
0.107926
0.109619
0.111351
0.113122
0.114934
0.116788
0.118686
0.120627
0.122615
0.124649
0.126733
0.128866
0.131051
0.133289
0.135582
0.137931
0.140339
0.142806
0.145336
0.147929
0.150588
0.153315
0.156113
0.158983
0.161927
0.164948
0.16805
0.171233
0.174501
0.177857
0.181303
0.184843
0.188479
0.192215
0.196054
0.2
0.204056
0.208225
0.212512
0.21692
0.221453
0.226116
0.230914
0.235849
0.240928
0.246154
0.251533
0.257069
0.262769
0.268637
0.274678
0.280899
0.287305
0.293902
0.300695
0.307692
0.314899
0.322321
0.329965
0.337838
0.345946
0.354296
0.362894
0.371747
0.380862
0.390244
0.3999
0.409836
0.420058
0.430571
0.441379
0.452489
0.463903
0.475624
0.487656
0.5
0.512656
0.525624
0.538902
0.552486
0.566372
0.580552
0.595017
0.609756
0.624756
0.64
0.655469
0.671141
0.68699
0.702988
0.719101
0.735294
0.751527
0.767754
0.783929
0.8
0.81591
0.831601
0.847009
0.862069
0.876712
0.890869
0.904466
0.917431
0.929692
0.941176
0.951814
0.961538
0.970285
0.977995
0.984615
0.990099
0.994406
0.997506
0.999375
1
0.999375
0.997506
0.994406
0.990099
0.984615
0.977995
0.970285
0.961538
0.951814
0.941176
0.929692
0.917431
0.904466
0.890869
0.876712
0.862069
0.847009
0.831601
0.81591
0.8
0.783929
0.767754
0.751527
0.735294
0.719101
0.702988
0.68699
0.671141
0.655469
0.64
0.624756
0.609756
0.595017
0.580552
0.566372
0.552486
0.538902
0.525624
0.512656
0.5
0.487656
0.475624
0.463903
0.452489
0.441379
0.430571
0.420058
0.409836
0.3999
0.390244
0.380862
0.371747
0.362894
0.354296
0.345946
0.337838
0.329965
0.322321
0.314899
0.307692
0.300695
0.293902
0.287305
0.280899
0.274678
0.268637
0.262769
0.257069
0.251533
0.246154
0.240928
0.235849
0.230914
0.226116
0.221453
0.21692
0.212512
0.208225
0.204056
0.2
0.196054
0.192215
0.188479
0.184843
0.181303
0.177857
0.174501
0.171233
0.16805
0.164948
0.161927
0.158983
0.156113
0.153315
0.150588
0.147929
0.145336
0.142806
0.140339
0.137931
0.135582
0.133289
0.131051
0.128866
0.126733
0.124649
0.122615
0.120627
0.118686
0.116788
0.114934
0.113122
0.111351
0.109619
0.107926
0.10627
0.10465
0.103066
0.101516
0.1
0.0985161
0.0970638
0.0956423
0.0942507
0.0928882
0.0915541
0.0902476
0.088968
0.0877145
0.0864865
0.0852833
0.0841043
0.0829488
0.0818163
0.0807062
0.0796178
0.0785507
0.0775044
0.0764782
0.0754717
0.0744844
0.0735159
0.0725656
0.0716332
0.0707182
0.0698202
0.0689388
0.0680735
0.0672241
0.06639
0.0655711
0.0647668
0.063977
0.0632011
0.062439
0.0616903
0.0609547
0.0602319
0.0595216
0.0588235
0.0581374
0.057463
0.0568
0.0561482
0.0555074
0.0548772
0.0542575
0.0536481
0.0530486
0.052459
0.051879
0.0513084
0.0507469
0.0501945
0.0496509
0.0491159
0.0485894
0.0480711
0.047561
0.0470588
0.0465644
0.0460776
0.0455983
0.0451264
0.0446615
0.0442038
0.0437529
0.0433088
0.0428713
0.0424403
0.0420157
0.0415973
0.0411851
0.0407789
0.0403785
0.039984
0.0395951
0.0392118
0.038834
0.0384615
