96
32
-32
8
-4
0.09375
-6
-8
-12
0
2
2
-6
1
0.375
1
1
1
1
-2
-2
-1
2
-3
2
0
0.25
0.21875
0.75
0
-1
-1
-2
-1
1
2
2
-0.5
0
0
-1.5
1.5
0
0.1875
0.125
-0.125
-0.25
0
-1
1
-1
-0.5
-1
0.5
1.5
1
-1.5
-0.5
-0.5
0.5
0
0
0
0
0.0878906
0.0625
-0.25
0.125
1
0
0.75
0
0.25
0.5
0.25
0.5
1.5
1.25
0
-0.25
0
-0.25
0.25
0.625
0.5
0.1875
0.1875
0.109375
0.125
0.125
0
0.125
0.375
-0.625
-0.25
-0.5
-0.75
-1.5
-0.75
-0.75
-0.25
-0.5
1.25
-0.25
0
0
-0.25
0.375
0.5
0
-0.0625
0.0625
0.0625
0.148438
0.125
0.21875
0.5625
0.125
0.375
0
0.5
-0.125
0
0.5
1
0
0.25
-1
0.25
0.75
0.5
0.375
1.125
0.375
0.25
0.75
0.375
0.3125
0.3125
0.21875
0.296875
0.313477
0.34375
0.25
0.5
0.125
0.3125
0.5
0.875
0
0
0.625
0.25
0.125
0.75
0.5
0.5
0.875
0.5
0.875
0.75
0.125
0.875
0.375
0.375
0.625
0.3125
0.625
0.53125
0.59375
0.632812
0.6875
0.75
0.6875
0.9375
0.6875
0.875
0.625
0.5
0.875
0.875
1
0.75
1.125
1.125
1
0.875
0.875
0.625
1.25
1.125
0.875
0.75
0.9375
1.1875
1.125
1.25
1
0.96875
0.953125
1
0.953125
1.03125
0.96875
1
0.75
0.875
0.875
0.9375
1
1
0.875
1.125
0.625
0.875
0.625
0.75
1.125
1
0.875
0.75
0.75
0.8125
0.75
0.8125
0.8125
0.71875
0.6875
0.625
0.648438
0.644531
0.578125
0.5
0.53125
0.5625
0.5
0.4375
0.5
0.6875
0.25
0.375
0.5
0.5
0.75
0.75
0.5
0.25
0.375
0.25
0.4375
0.3125
0.375
0.375
0.375
0.4375
0.40625
0.28125
0.4375
0.328125
0.31543
0.3125
0.28125
0.21875
0.1875
0.3125
0.0625
0.3125
0.1875
-0.0625
0.3125
0.3125
0.125
0.125
0.125
0.125
0.1875
0.25
0.0625
0.0625
0.0625
-0.125
0.125
0.375
0.3125
0.1875
0.1875
0.171875
0.173828
0.1875
0.1875
0.125
0.125
0.1875
0.25
0.0625
0.0625
0.375
0.625
-0.125
0.0625
0.125
0.0625
0.0625
0.3125
0.375
0
-0.125
0.0625
0.03125
0.125
0.1875
0.125
0.132812
0.105469
0.109375
0.15625
0.125
0.03125
0.0625
0.1875
0.125
0.0625
0.0625
0
0.25
-0.125
0.1875
-0.125
0.1875
0
0
0
-0.03125
0.15625
0.109375
0.101562
0.0800781
0.0859375
0.09375
0.09375
0.09375
0.125
0.1875
0.1875
-0.0625
0.1875
-0.0625
0.25
0.0625
0.0625
0
-0.0625
-0.0625
0.125
0.1875
0.03125
0.078125
0.0546875
0.046875
0.0625
0.09375
0.25
0
0.0625
0.125
0.0625
0.25
0
-0.0625
0.125
-0.03125
0.09375
-0.03125
0.0507812
0.0546875
0.1875
-0.15625
0
0.0625
0.375
0.3125
-0.0625
0
-0.125
0
0.09375
0.0507812
0.03125
0.15625
0.0625
0.0625
-0.125
0.0625
0.0625
0.0625
0.0405273
0.15625
0.125
-0.25
0.09375
-0.125
