8
-8
8
0
-8
-2
2
0
-6
2
-5
1
0
0
-1
-0.5
-0.5
-0.25
0.03125
0.375
-0.375
0.25
0.5
-0.25
-0.25
0
0.75
-0.75
-0.5
0.5
-0.75
-0.75
0
1
-1
-0.75
0.5
-0.5
0
0.25
-0.5
-0.25
0.25
-0.25
0.375
-0.25
0.0625
0.03125
0.03125
0.0683594
0.015625
0
-0.0625
0
0.1875
-0.125
0.125
0.25
-0.125
-0.125
0.125
0.125
0
-0.125
-0.125
0
0.5
0.125
0
0.375
0
0.125
0.25
-0.25
-0.125
0.25
0.25
0
0
0
0.125
-0.125
0.25
0.0625
0.125
0.25
0
0.0625
0.03125
0.140625
0.078125
0.117188
0.120117
0.101562
0.09375
0.15625
0.125
0.125
0.125
0.1875
0.125
0.0625
0.0625
0.0625
0.0625
0.375
0.125
0.125
0.25
0.125
0.375
0.25
0.375
0.5
0.3125
0.1875
0
0.0625
0.0625
0.125
0.375
0.0625
0.1875
0
0
0.1875
0.0625
0.25
0.25
0.375
0.0625
0.375
0.1875
0.21875
0.125
0.21875
0.21875
0.3125
0.21875
0.265625
0.265625
0.304688
0.34375
0.326172
0.337891
0.339844
0.359375
0.375
0.375
0.390625
0.4375
0.46875
0.5
0.4375
0.5
0.3125
0.53125
0.4375
0.5
0.625
0.5625
0.625
0.6875
0.625
0.5
0.5625
0.875
0.5625
0.625
0.6875
0.8125
0.75
0.625
0.8125
0.8125
0.9375
0.75
0.9375
0.875
0.9375
0.9375
0.9375
1
1.1875
1.03125
1
1.09375
1.15625
0.96875
0.875
0.875
0.8125
0.90625
0.984375
0.9375
0.953125
0.96875
0.992188
0.984375
0.988281
1
0.996094
1.01172
1
0.984375
1
1.01562
1.04688
0.96875
1
0.9375
0.9375
1
1
0.96875
0.96875
0.96875
0.84375
0.9375
1
1.1875
0.9375
0.90625
0.9375
0.90625
0.84375
0.84375
0.78125
0.84375
0.78125
0.8125
0.65625
0.75
0.75
0.71875
0.53125
0.75
0.78125
0.65625
0.625
0.625
0.625
0.625
0.53125
0.53125
0.46875
0.53125
0.5
0.5
0.421875
0.4375
0.421875
0.375
0.398438
0.363281
0.363281
0.341797
0.326172
0.308594
0.296875
0.289062
0.25
0.28125
0.203125
0.25
0.21875
0.21875
0.25
0.1875
0.15625
0.0625
0.09375
0.0625
0.0625
0.09375
0.15625
0
0.03125
0.0625
0.09375
0.125
0.09375
0.09375
0.15625
0.15625
0.1875
0.125
0.0625
0.0625
0.15625
0.09375
0.0625
0.0625
0.09375
0.09375
0.0625
0.0625
0.125
0.078125
0.046875
0.09375
0.046875
0.0625
0.117188
0.125
0.09375
0.117188
0.115234
0.118896
0.115234
0.125
0.125
0.125
0.164062
0.15625
0.140625
0.140625
0.203125
0.171875
0.0625
0.125
0.125
0.1875
0.09375
0.125
0.09375
0.09375
0.125
0.25
0.125
0.15625
0.125
0.09375
0.125
0.21875
0.09375
0.28125
0.125
0.15625
0.1875
0.25
0.078125
0.15625
0.125
0.09375
0.15625
0.140625
0.101562
0.109375
0.0664062
0.0800781
0.0673828
0.0585938
0.0234375
0.0546875
0.046875
0.046875
0.046875
0.015625
0.03125
0.015625
0
0
0
-0.03125
0
-0.03125
0.03125
0.03125
-0.09375
-0.03125
0
-0.03125
-0.03125
-0.078125
-0.03125
0
0
0
0.015625
0.0234375
0.0390625
0.046875
0.0351562
0.078125
0.078125
0.09375
0.140625
0.078125
0.0625
0.09375
0.0625
0.09375
0.125
0.125
0.0625
0.125
0.0703125
0.0390625
0.015625
-0.03125
