0
0.36836
0.686859
0.959572
1.19033
1.38275
1.54021
1.66589
1.76279
1.83368
1.88119
1.90775
1.91564
1.90698
1.88374
1.84776
1.80072
1.7442
1.67964
1.60839
1.53166
1.45059
1.36619
1.27941
1.1911
1.10202
1.01287
0.924269
0.836773
0.750873
0.667
0.585533
0.506796
0.431069
0.358583
0.289532
0.224069
0.162313
0.10435
0.0502361
0
0.0463542
0.0888454
0.127513
0.162415
0.193625
0.221233
0.245341
0.266063
0.283523
0.297852
0.30919
0.317682
0.323478
0.326731
0.327598
0.326236
0.322804
0.31746
0.310363
0.301668
0.29153
0.280099
0.267526
0.253953
0.239523
0.22437
0.208627
0.192419
0.175869
0.159091
0.142195
0.125285
0.108459
0.0918098
0.0754226
0.0593774
0.0437479
0.0286018
0.0140006
0
0.0133503
0.0260064
0.0379301
0.0490886
0.0594548
0.0690066
0.077727
0.085604
0.0926305
0.0988036
0.104125
0.1086
0.112239
0.115055
0.117064
0.118288
0.118748
0.118472
0.117487
0.115824
0.113518
0.110602
0.107114
0.103092
0.0985746
0.0936038
0.0882205
0.0824669
0.0763858
0.0700201
0.0634128
0.0566068
0.0496449
0.0425693
0.0354217
0.0282429
0.021073
0.0139509
0.00691445
0
0.00675739
0.0133242
0.0196687
0.0257608
0.0315723
0.037077
0.0422505
0.0470707
0.0515176
0.0555734
0.0592225
0.0624516
0.0652498
0.0676084
0.0695212
0.0709844
0.0719964
0.072558
0.0726726
0.0723457
0.0715851
0.070401
0.0688057
0.0668137
0.0644418
0.0617085
0.0586345
0.0552424
0.0515564
0.0476027
0.0434086
0.0390033
0.0344171
0.0296814
0.0248288
0.0198927
0.0149071
0.00990657
0.00492589
0
0.00483633
0.0095487
0.0141034
0.0184674
0.0226091
0.0264983
0.0301062
0.0334065
0.0363748
0.0389896
0.0412322
0.0430873
0.044543
0.0455911
0.0462277
0.046453
0.0462719
0.0456936
0.0447325
0.0434074
0.0417421
0.0397651
0.0375091
0.0350114
0.0323129
0.0294582
0.0264944
0.0234711
0.0204393
0.0174506
0.0145565
0.0118075
0.00925177
0.00693485
0.00489821
0.00317862
0.00180736
0.000809478
0.000203307
0
0.000203307
0.000809478
0.00180736
0.00317862
0.00489821
0.00693485
0.00925177
0.0118075
0.0145565
0.0174506
0.0204393
0.0234711
0.0264944
0.0294582
0.0323129
0.0350114
0.0375091
0.0397651
0.0417421
0.0434074
0.0447325
0.0456936
0.0462719
0.046453
0.0462277
0.0455911
0.044543
0.0430873
0.0412322
0.0389896
0.0363748
0.0334065
0.0301062
0.0264983
0.0226091
0.0184674
0.0141034
0.0095487
0.00483633
0
0.00492589
0.00990657
0.0149071
0.0198927
0.0248288
0.0296814
0.0344171
0.0390033
0.0434086
0.0476027
0.0515564
0.0552424
0.0586345
0.0617085
0.0644418
0.0668137
0.0688057
0.070401
0.0715851
0.0723457
0.0726726
0.072558
0.0719964
0.0709844
0.0695212
0.0676084
0.0652498
0.0624516
0.0592225
0.0555734
0.0515176
0.0470707
0.0422505
0.037077
0.0315723
0.0257608
0.0196687
0.0133242
0.00675739
0
0.00691445
0.0139509
0.021073
0.0282429
0.0354217
0.0425693
0.0496449
0.0566068
0.0634128
0.0700201
0.0763858
0.0824669
0.0882205
0.0936038
0.0985746
0.103092
0.107114
0.110602
0.113518
0.115824
0.117487
0.118472
0.118748
0.118288
0.117064
0.115055
0.112239
0.1086
0.104125
0.0988036
0.0926305
0.085604
0.077727
0.0690066
0.0594548
0.0490886
0.0379301
0.0260064
0.0133503
0
0.0140006
0.0286018
0.0437479
0.0593774
0.0754226
0.0918098
0.108459
0.125285
0.142195
0.159091
0.175869
0.192419
0.208627
0.22437
0.239523
0.253953
0.267526
0.280099
0.29153
0.301668
0.310363
0.31746
0.322804
0.326236
0.327598
0.326731
0.323478
0.317682
0.30919
0.297852
0.283523
0.266063
0.245341
0.221233
0.193625
0.162415
0.127513
0.0888454
0.0463542
0
0.0502361
0.10435
0.162313
0.224069
0.289532
0.358583
0.431069
0.506796
0.585533
0.667
0.750873
0.836773
0.924269
1.01287
1.10202
1.1911
1.27941
1.36619
1.45059
1.53166
1.60839
1.67964
1.7442
1.80072
1.84776
1.88374
1.90698
1.91564
1.90775
1.88119
1.83368
1.76279
1.66589
1.54021
1.38275
1.19033
0.959572
0.686859
0.36836
0
