0
25.4876
42.5097
52.9275
58.2781
59.8223
58.5855
55.3939
50.906
45.6395
39.9949
34.2757
28.7059
23.4444
18.5981
14.2323
10.3796
7.04771
4.22531
1.88754
0
1.47779
2.5897
3.38084
3.89596
4.17817
4.26811
4.20331
4.01782
3.74201
3.4025
3.02226
2.62071
2.21396
1.81505
1.43421
1.07916
0.755417
0.466575
0.214578
0
0.177716
0.320027
0.429086
0.507558
0.558457
0.585008
0.590527
0.578321
0.551605
0.513442
0.466686
0.413953
0.357589
0.299664
0.241962
0.185981
0.132949
0.0838314
0.0393489
0
0.0339189
0.0622898
0.0851492
0.102665
0.115114
0.122858
0.126324
0.125988
0.122354
0.115936
0.107253
0.0968072
0.0850817
0.0725279
0.0595607
0.0465536
0.0338354
0.0216882
0.010347
0
0.00920997
0.0171833
0.0238608
0.0292201
0.0332724
0.0360579
0.0376419
0.0381109
0.0375678
0.0361283
0.0339169
0.0310633
0.0276986
0.0239532
0.019953
0.0158178
0.011659
0.00757827
0.00366584
0
0.00335365
0.00634242
0.00892647
0.0110786
0.0127836
0.0140378
0.0148478
0.0152296
0.0152079
0.0148142
0.0140859
0.0130652
0.0117975
0.0103305
0.00871268
0.00699262
0.00521759
0.00343283
0.00168071
0
0.00157469
0.00301337
0.004291
0.00538769
0.00628885
0.0069851
0.00747219
0.0077508
0.0078262
0.00770791
0.00740925
0.00694682
0.00634002
0.00561046
0.00478139
0.00387711
0.00292244
0.00194211
0.000960277
0
0.000917187
0.00177168
0.00254615
0.00322582
0.00379869
0.0042557
0.00459077
0.00480091
0.00488608
0.00484915
0.00469572
0.00443391
0.00407407
0.00362853
0.00311119
0.00253723
0.00192266
0.00128396
0.000637668
0
0.000613553
0.00118857
0.00171201
0.00217256
0.00256081
0.00286949
0.00309364
0.00323063
0.00328026
0.00324466
0.00312825
0.00293754
0.00268093
0.00236845
0.00201143
0.00162216
0.00121352
0.000798521
0.000389968
0
0.000360278
0.000681155
0.00095463
0.00117467
0.00133739
0.0014412
0.00148678
0.00147709
0.00141716
0.00131391
0.00117583
0.00101259
0.000834641
0.000652715
0.000477378
0.000318543
0.00018502
8.412e-05
2.13168e-05
0
2.13168e-05
8.412e-05
0.00018502
0.000318543
0.000477378
0.000652715
0.000834641
0.00101259
0.00117583
0.00131391
0.00141716
0.00147709
0.00148678
0.0014412
0.00133739
0.00117467
0.00095463
0.000681155
0.000360278
0
0.000389968
0.000798521
0.00121352
0.00162216
0.00201143
0.00236845
0.00268093
0.00293754
0.00312825
0.00324466
0.00328026
0.00323063
0.00309364
0.00286949
0.00256081
0.00217256
0.00171201
0.00118857
0.000613553
0
0.000637668
0.00128396
0.00192266
0.00253723
0.00311119
0.00362853
0.00407407
0.00443391
0.00469572
0.00484915
0.00488608
0.00480091
0.00459077
0.0042557
0.00379869
0.00322582
0.00254615
0.00177168
0.000917187
0
0.000960277
0.00194211
0.00292244
0.00387711
0.00478139
0.00561046
0.00634002
0.00694682
0.00740925
0.00770791
0.0078262
0.0077508
0.00747219
0.0069851
0.00628885
0.00538769
0.004291
0.00301337
0.00157469
0
0.00168071
0.00343283
0.00521759
0.00699262
0.00871268
0.0103305
0.0117975
0.0130652
0.0140859
0.0148142
0.0152079
0.0152296
0.0148478
0.0140378
0.0127836
0.0110786
0.00892647
0.00634242
0.00335365
0
0.00366584
0.00757827
0.011659
0.0158178
0.019953
0.0239532
0.0276986
0.0310633
0.0339169
0.0361283
0.0375678
0.0381109
0.0376419
0.0360579
0.0332724
0.0292201
0.0238608
0.0171833
0.00920997
0
0.010347
0.0216882
0.0338354
0.0465536
0.0595607
0.0725279
0.0850817
0.0968072
0.107253
0.115936
0.122354
0.125988
0.126324
0.122858
0.115114
0.102665
0.0851492
0.0622898
0.0339189
0
0.0393489
0.0838314
0.132949
0.185981
0.241962
0.299664
0.357589
0.413953
0.466686
0.513442
0.551605
0.578321
0.590527
0.585008
0.558457
0.507558
0.429086
0.320027
0.177716
0
0.214578
0.466575
0.755417
1.07916
1.43421
1.81505
2.21396
2.62071
3.02226
3.4025
3.74201
4.01782
4.20331
4.26811
4.17817
3.89596
3.38084
2.5897
1.47779
0
1.88754
4.22531
7.04771
10.3796
14.2323
18.5981
23.4444
28.7059
34.2757
39.9949
45.6395
50.906
55.3939
58.5855
59.8223
58.2781
52.9275
42.5097
25.4876
0
