0.0384615
0.407194
0.726071
0.999167
1.23032
1.42313
1.58099
1.70708
1.80439
1.8757
1.92363
1.95062
1.95895
1.95074
1.92795
1.89242
1.84585
1.7898
1.72572
1.65495
1.57872
1.49815
1.41426
1.328
1.24021
1.15167
1.06306
0.975016
0.888081
0.802751
0.719459
0.638581
0.560444
0.485326
0.413461
0.34504
0.280218
0.219113
0.161813
0.108374
0.0588235
0.0131674
-0.0286135
-0.0665582
-0.100724
-0.131186
-0.158032
-0.181364
-0.201296
-0.217952
-0.231462
-0.241966
-0.249608
-0.254539
-0.256911
-0.25688
-0.254603
-0.250238
-0.243944
-0.235879
-0.226196
-0.215051
-0.202595
-0.188975
-0.174335
-0.158816
-0.142554
-0.125678
-0.108315
-0.0905856
-0.0726042
-0.0544802
-0.0363169
-0.0182116
-0.000255679
0.0174656
0.0348733
0.0518944
0.068462
0.0845155
0.1
0.114867
0.129073
0.142581
0.155359
0.167381
0.178626
0.189078
0.198726
0.207565
0.215592
0.22281
0.229227
0.234854
0.239704
0.243797
0.247154
0.249799
0.25176
0.253068
0.253755
0.253856
0.253408
0.25245
0.251021
0.249163
0.246919
0.244333
0.241449
0.238313
0.234969
0.231462
0.22784
0.224146
0.220426
0.216725
0.213086
0.209552
0.206166
0.202969
0.2
0.197298
0.194901
0.192843
0.191159
0.189881
0.189039
0.188663
0.188778
0.18941
0.19058
0.19231
0.194618
0.197519
0.201028
0.205157
0.209914
0.215308
0.221343
0.228023
0.235347
0.243314
0.25192
0.261159
0.271024
0.281504
0.292587
0.30426
0.316505
0.329305
0.342641
0.356491
0.370833
0.385641
0.400889
0.41655
0.432596
0.448995
0.465718
0.48273
0.5
0.517493
0.535173
0.553005
0.570954
0.588981
0.60705
0.625123
0.643163
0.661131
0.67899
0.696701
0.714228
0.731533
0.748579
0.765329
0.781747
0.797798
0.813448
0.828662
0.843407
0.857652
0.871366
0.884518
0.89708
0.909025
0.920327
0.93096
0.940902
0.950131
0.958627
0.966371
0.973346
0.979537
0.98493
0.989514
0.993278
0.996214
0.998316
0.999579
1
0.999579
0.998316
0.996214
0.993278
0.989514
0.98493
0.979537
0.973346
0.966371
0.958627
0.950131
0.940902
0.93096
0.920327
0.909025
0.89708
0.884518
0.871366
0.857652
0.843407
0.828662
0.813448
0.797798
0.781747
0.765329
0.748579
0.731533
0.714228
0.696701
0.67899
0.661131
0.643163
0.625123
0.60705
0.588981
0.570954
0.553005
0.535173
0.517493
0.5
0.48273
0.465718
0.448995
0.432596
0.41655
0.400889
0.385641
0.370833
0.356491
0.342641
0.329305
0.316505
0.30426
0.292587
0.281504
0.271024
0.261159
0.25192
0.243314
0.235347
0.228023
0.221343
0.215308
0.209914
0.205157
0.201028
0.197519
0.194618
0.19231
0.19058
0.18941
0.188778
0.188663
0.189039
0.189881
0.191159
0.192843
0.194901
0.197298
0.2
0.202969
0.206166
0.209552
0.213086
0.216725
0.220426
0.224146
0.22784
0.231462
0.234969
0.238313
0.241449
0.244333
0.246919
0.249163
0.251021
0.25245
0.253408
0.253856
0.253755
0.253068
0.25176
0.249799
0.247154
0.243797
0.239704
0.234854
0.229227
0.22281
0.215592
0.207565
0.198726
0.189078
0.178626
0.167381
0.155359
0.142581
0.129073
0.114867
0.1
0.0845155
0.068462
0.0518944
0.0348733
0.0174656
-0.000255679
-0.0182116
-0.0363169
-0.0544802
-0.0726042
-0.0905856
-0.108315
-0.125678
-0.142554
-0.158816
-0.174335
-0.188975
-0.202595
-0.215051
-0.226196
-0.235879
-0.243944
-0.250238
-0.254603
-0.25688
-0.256911
-0.254539
-0.249608
-0.241966
-0.231462
-0.217952
-0.201296
-0.181364
-0.158032
-0.131186
-0.100724
-0.0665582
-0.0286135
0.0131674
0.0588235
0.108374
0.161813
0.219113
0.280218
0.34504
0.413461
0.485326
0.560444
0.638581
0.719459
0.802751
0.888081
0.975016
1.06306
1.15167
1.24021
1.328
1.41426
1.49815
1.57872
1.65495
1.72572
1.7898
1.84585
1.89242
1.92795
1.95074
1.95895
1.95062
1.92363
1.8757
1.80439
1.70708
1.58099
1.42313
1.23032
0.999167
0.726071
0.407194
0.0384615
