0.0384615
-25.4487
-42.4705
-52.8879
-58.2381
-59.7819
-58.5447
-55.3527
-50.8644
-45.5975
-39.9524
-34.2329
-28.6626
-23.4006
-18.5539
-14.1876
-10.3345
-7.00211
-4.17924
-1.84098
0.0470588
1.52535
2.63777
3.42943
3.94507
4.22782
4.3183
4.25406
4.06913
3.79389
3.45496
3.0753
2.67436
2.26822
1.86993
1.48971
1.13531
0.812218
0.524038
0.272715
0.0588235
-0.118194
-0.259795
-0.368131
-0.445868
-0.496018
-0.521807
-0.52655
-0.513554
-0.486034
-0.447052
-0.399462
-0.345879
-0.28865
-0.229844
-0.171243
-0.114348
-0.0603837
-0.0103155
0.0351355
0.0754717
0.110397
0.139794
0.1637
0.182283
0.19582
0.204674
0.209273
0.210093
0.207637
0.202423
0.194967
0.185775
0.175329
0.164082
0.152449
0.140804
0.129478
0.118752
0.108863
0.1
0.0923064
0.0858829
0.0807896
0.0770498
0.0746534
0.0735612
0.0737089
0.0750113
0.0773665
0.08066
0.0847686
0.089564
0.0949161
0.100696
0.10678
0.113048
0.119392
0.125711
0.131916
0.137931
0.143692
0.149149
0.154262
0.159008
0.163372
0.167353
0.170961
0.174212
0.177135
0.179763
0.182135
0.184298
0.186299
0.188187
0.190016
0.191836
0.193697
0.195648
0.197735
0.2
0.202481
0.205212
0.208221
0.211532
0.215164
0.219131
0.223441
0.228098
0.233101
0.238446
0.244124
0.250123
0.256429
0.263026
0.269897
0.277022
0.284382
0.291959
0.299735
0.307692
0.315816
0.324092
0.332511
0.341064
0.349745
0.358552
0.367485
0.376548
0.385748
0.395093
0.404596
0.41427
0.424132
0.434199
0.444491
0.455026
0.465825
0.476908
0.488294
0.5
0.512043
0.524436
0.53719
0.550314
0.563811
0.577682
0.591923
0.606525
0.621476
0.636755
0.652341
0.668203
0.684309
0.700619
0.71709
0.733672
0.750313
0.766956
0.783539
0.8
0.816271
0.832282
0.847964
0.863244
0.87805
0.89231
0.905953
0.918908
0.931109
0.94249
0.95299
0.962551
0.97112
0.978648
0.985093
0.990418
0.994591
0.99759
0.999397
1
0.999397
0.99759
0.994591
0.990418
0.985093
0.978648
0.97112
0.962551
0.95299
0.94249
0.931109
0.918908
0.905953
0.89231
0.87805
0.863244
0.847964
0.832282
0.816271
0.8
0.783539
0.766956
0.750313
0.733672
0.71709
0.700619
0.684309
0.668203
0.652341
0.636755
0.621476
0.606525
0.591923
0.577682
0.563811
0.550314
0.53719
0.524436
0.512043
0.5
0.488294
0.476908
0.465825
0.455026
0.444491
0.434199
0.424132
0.41427
0.404596
0.395093
0.385748
0.376548
0.367485
0.358552
0.349745
0.341064
0.332511
0.324092
0.315816
0.307692
0.299735
0.291959
0.284382
0.277022
0.269897
0.263026
0.256429
0.250123
0.244124
0.238446
0.233101
0.228098
0.223441
0.219131
0.215164
0.211532
0.208221
0.205212
0.202481
0.2
0.197735
0.195648
0.193697
0.191836
0.190016
0.188187
0.186299
0.184298
0.182135
0.179763
0.177135
0.174212
0.170961
0.167353
0.163372
0.159008
0.154262
0.149149
0.143692
0.137931
0.131916
0.125711
0.119392
0.113048
0.10678
0.100696
0.0949161
0.089564
0.0847686
0.08066
0.0773665
0.0750113
0.0737089
0.0735612
0.0746534
0.0770498
0.0807896
0.0858829
0.0923064
0.1
0.108863
0.118752
0.129478
0.140804
0.152449
0.164082
0.175329
0.185775
0.194967
0.202423
0.207637
0.210093
0.209273
0.204674
0.19582
0.182283
0.1637
0.139794
0.110397
0.0754717
0.0351355
-0.0103155
-0.0603837
-0.114348
-0.171243
-0.229844
-0.28865
-0.345879
-0.399462
-0.447052
-0.486034
-0.513554
-0.52655
-0.521807
-0.496018
-0.445868
-0.368131
-0.259795
-0.118194
0.0588235
0.272715
0.524038
0.812218
1.13531
1.48971
1.86993
2.26822
2.67436
3.0753
3.45496
3.79389
4.06913
4.25406
4.3183
4.22782
3.94507
3.42943
2.63777
1.52535
0.0470588
-1.84098
-4.17924
-7.00211
-10.3345
-14.1876
-18.5539
-23.4006
-28.6626
-34.2329
-39.9524
-45.5975
-50.8644
-55.3527
-58.5447
-59.7819
-58.2381
-52.8879
-42.4705
-25.4487
0.0384615
