0
5.68434e-14
2.84217e-14
-1.42109e-14
2.84217e-14
4.26326e-14
0
0
1.42109e-14
1.42109e-14
2.13163e-14
-7.10543e-15
1.42109e-14
7.10543e-15
1.42109e-14
1.42109e-14
1.42109e-14
2.13163e-14
0
3.55271e-15
2.13163e-14
7.10543e-15
1.24345e-14
-5.32907e-15
5.32907e-15
1.24345e-14
0
1.77636e-15
6.21725e-15
2.22045e-15
1.37668e-14
5.10703e-15
5.32907e-15
7.10543e-15
4.44089e-15
6.21725e-15
7.10543e-15
7.10543e-15
7.10543e-15
-1.77636e-15
1.77636e-15
0
-1.77636e-15
3.55271e-15
5.32907e-15
0
0
1.77636e-15
3.55271e-15
1.77636e-15
0
7.10543e-15
1.77636e-15
1.77636e-15
3.55271e-15
5.32907e-15
1.77636e-15
3.55271e-15
1.77636e-15
3.55271e-15
1.77636e-15
1.77636e-15
0
1.77636e-15
3.55271e-15
2.66454e-15
3.55271e-15
1.77636e-15
2.66454e-15
2.66454e-15
2.66454e-15
0
1.33227e-15
4.44089e-16
8.88178e-16
8.88178e-16
1.55431e-15
2.44249e-15
2.88658e-15
3.10862e-15
2.22045e-16
6.66134e-16
1.33227e-15
1.55431e-15
1.77636e-15
1.77636e-15
1.33227e-15
8.88178e-16
0
0
1.77636e-15
3.55271e-15
2.66454e-15
8.88178e-16
8.88178e-16
8.88178e-16
8.88178e-16
8.88178e-16
8.88178e-16
1.77636e-15
1.77636e-15
1.77636e-15
3.55271e-15
1.77636e-15
0
1.77636e-15
0
3.55271e-15
1.77636e-15
1.77636e-15
5.32907e-15
1.77636e-15
7.10543e-15
1.77636e-15
-1.77636e-15
0
0
1.77636e-15
1.77636e-15
3.55271e-15
0
3.55271e-15
7.10543e-15
7.10543e-15
5.32907e-15
1.06581e-14
1.77636e-15
5.32907e-15
0
3.55271e-15
1.77636e-15
8.88178e-15
0
7.10543e-15
3.55271e-15
3.55271e-15
7.10543e-15
7.10543e-15
0
7.10543e-15
7.10543e-15
0
0
7.10543e-15
0
0
0
3.55271e-15
3.55271e-15
-7.10543e-15
1.42109e-14
-3.55271e-15
-7.10543e-15
2.13163e-14
0
7.10543e-15
-7.10543e-15
-2.13163e-14
0
-7.10543e-15
-7.10543e-15
-7.10543e-15
7.10543e-15
0
0
-7.10543e-15
2.84217e-14
2.84217e-14
1.42109e-14
-1.42109e-14
-1.42109e-14
0
0
1.42109e-14
2.84217e-14
1.42109e-14
2.84217e-14
0
0
2.84217e-14
0
0
-5.68434e-14
0
2.84217e-14
0
0
0
0
8.52651e-14
5.68434e-14
2.84217e-14
0
2.84217e-14
5.68434e-14
-5.68434e-14
-2.84217e-14
0
0
0
-5.68434e-14
