111.4
104.793
98.4329
92.3136
86.4298
80.776
75.347
70.1372
65.1416
60.3548
55.7718
51.3875
47.1967
43.1947
39.3764
35.7371
32.2719
28.9762
25.8453
22.8745
20.0594
17.3954
14.8782
12.5033
10.2666
8.16367
6.19044
4.34277
2.61659
1.00792
-0.48719
-1.87261
-3.15215
-4.32958
-5.40858
-6.39279
-7.28579
-8.09109
-8.81215
-9.45235
-10.015
-10.5035
-10.9209
-11.2704
-11.5552
-11.7782
-11.9424
-12.0507
-12.106
-12.1111
-12.0687
-11.9815
-11.8521
-11.683
-11.4767
-11.2357
-10.9623
-10.6588
-10.3276
-9.97065
-9.59024
-9.1884
-8.76713
-8.32839
-7.87406
-7.40597
-6.92588
-6.4355
-5.93648
-5.4304
-4.91879
-4.40311
-3.88478
-3.36513
-2.84544
-2.32695
-1.81082
-1.29815
-0.789984
-0.287306
0.20896
0.697952
1.17887
1.65096
2.11356
2.56603
3.00782
3.43842
3.8574
4.26437
4.65901
5.04106
5.41033
5.76667
6.11
6.44031
6.75763
7.06207
7.35378
7.633
7.9
8.15512
8.39878
8.63142
8.85358
9.06583
9.26883
9.46327
9.64992
9.82961
10.0032
10.1717
10.336
10.4973
10.6566
10.8152
10.9743
11.1352
11.2992
11.4678
11.6426
11.8249
12.0165
12.219
12.4341
12.6637
12.9095
13.1735
13.4577
13.764
14.0946
14.4516
14.8373
15.2539
15.7037
16.1891
16.7126
17.2767
17.884
18.537
19.2386
19.9913
20.7982
21.6619
22.5856
23.572
24.6244
25.7458
26.9394
28.2085
29.5562
30.9861
32.5015
34.1058
35.8026
37.5956
39.4883
41.4845
43.588
45.8026
48.1322
50.5807
53.1522
55.8507
58.6805
61.6456
64.7504
67.9992
71.3963
74.9462
78.6534
82.5225
86.558
90.7647
95.1473
99.7105
104.459
109.399
114.534
119.869
125.41
131.161
137.129
143.318
149.734
156.381
163.267
170.395
177.772
185.403
193.294
201.45
209.879
218.584
227.573
236.852
246.426
256.302
266.485
276.982
287.8
