2
1.99995
1.99979
1.99952
1.99915
1.99867
1.99809
1.9974
1.99661
1.99571
1.99471
1.9936
1.9924
1.99109
1.98968
1.98817
1.98656
1.98485
1.98304
1.98114
1.97914
1.97705
1.97487
1.97259
1.97022
1.96777
1.96522
1.96259
1.95988
1.95708
1.95419
1.95123
1.94819
1.94506
1.94187
1.93859
1.93525
1.93183
1.92834
1.92479
1.92116
1.91748
1.91372
1.90991
1.90603
1.9021
1.89811
1.89406
1.88996
1.8858
1.8816
1.87734
1.87304
1.86869
1.86429
1.85986
1.85538
1.85086
1.8463
1.8417
1.83707
1.83241
1.82771
1.82297
1.81821
1.81342
1.8086
1.80376
1.79888
1.79399
1.78907
1.78413
1.77917
1.77419
1.76919
1.76418
1.75915
1.7541
1.74904
1.74397
1.73889
1.73379
1.72869
1.72357
1.71845
1.71332
1.70818
1.70304
1.69789
1.69274
1.68758
1.68243
1.67727
1.67211
1.66694
1.66178
1.65662
1.65146
1.6463
1.64115
1.636
1.63085
1.62571
1.62057
1.61543
1.6103
1.60518
1.60007
1.59496
1.58986
1.58476
1.57968
1.5746
1.56953
1.56447
1.55942
1.55439
1.54936
1.54434
1.53933
1.53433
1.52935
1.52437
1.51941
1.51446
1.50952
1.5046
1.49969
1.49479
1.4899
1.48503
1.48017
1.47532
1.47049
1.46567
1.46086
1.45607
1.4513
1.44653
1.44179
1.43705
1.43233
1.42763
1.42294
1.41826
1.4136
1.40896
1.40433
1.39971
1.39511
1.39053
1.38596
1.38141
1.37687
1.37234
1.36784
1.36334
1.35887
1.3544
1.34996
1.34553
1.34111
1.33671
1.33233
1.32796
1.3236
1.31926
1.31494
1.31063
1.30634
1.30206
1.2978
1.29355
1.28932
1.2851
1.2809
1.27671
1.27254
1.26838
1.26424
1.26012
1.256
1.25191
1.24782
1.24376
1.2397
1.23567
1.23164
1.22763
1.22364
1.21966
1.2157
1.21175
1.20781
1.20389
1.19998
1.19608
1.1922
1.18834
1.18449
1.18065
1.17683
1.17302
1.16922
1.16544
1.16167
1.15791
1.15417
1.15044
1.14673
1.14302
1.13933
1.13566
1.132
1.12835
1.12471
1.12109
1.11748
1.11388
1.11029
1.10672
1.10316
1.09961
1.09608
1.09256
1.08905
1.08555
1.08206
1.07859
1.07513
1.07168
1.06824
1.06482
1.0614
1.058
1.05461
1.05123
1.04787
1.04451
1.04117
1.03784
1.03451
1.03121
1.02791
1.02462
1.02134
1.01808
1.01482
1.01158
1.00835
1.00512
1.00191
0.998713
0.995523
0.992344
0.989175
0.986017
0.982869
0.979731
0.976603
0.973486
0.970379
0.967282
0.964195
0.961118
0.95805
0.954993
0.951945
0.948908
0.94588
0.942861
0.939852
0.936853
0.933863
0.930882
0.927911
0.924949
0.921996
0.919053
0.916119
0.913194
0.910278
0.90737
0.904472
0.901583
0.898702
0.895831
0.892968
0.890114
0.887268
0.884431
0.881602
0.878783
0.875971
0.873168
0.870373
0.867587
0.864808
0.862038
0.859277
0.856523
0.853777
0.85104
0.84831
0.845588
0.842874
0.840168
0.83747
0.83478
0.832097
0.829422
0.826755
0.824095
0.821443
0.818798
0.816161
0.813531
0.810908
0.808293
0.805685
0.803085
0.800491
0.797905
0.795326
0.792754
0.790189
0.787631
0.78508
0.782536
0.779999
0.777469
0.774945
0.772429
0.769919
0.767416
0.764919
0.762429
0.759946
0.75747
0.754999
0.752536
0.750079
0.747628
0.745183
0.742745
0.740314
0.737888
0.735469
0.733056
0.730649
0.728249
0.725854
0.723466
0.721084
0.718707
0.716337
0.713973
0.711614
0.709262
0.706915
0.704574
0.702239
0.69991
0.697586
0.695268
0.692956
0.69065
0.688349
0.686053
0.683764
0.681479
0.679201
0.676928
0.67466
0.672397
0.67014
0.667889
0.665642
0.663401
0.661166
0.658935
0.65671
0.65449
0.652275
0.650065
0.647861
0.645661
0.643467
0.641277
0.639093
0.636913
0.634739
0.632569
0.630405
0.628245
0.62609
0.62394
0.621795
0.619654
0.617518
0.615387
0.613261
0.61114
0.609023
0.60691
0.604803
0.6027
0.600601
0.598507
0.596418
0.594333
0.592253
0.590177
0.588105
0.586038
0.583975
0.581917
0.579863
0.577813
0.575768
0.573727
0.57169
0.569658
0.56763
0.565605
0.563586
0.56157
0.559558
0.557551
0.555547
0.553548
0.551553
0.549562
0.547574
0.545591
0.543612
0.541637
0.539666
0.537698
0.535735
0.533775
0.53182
0.529868
0.52792
0.525976
0.524036
0.522099
0.520166
0.518237
0.516312
0.51439
0.512473
0.510558
0.508648
0.506741
0.504838
0.502938
0.501042
0.499149
0.49726
0.495375
0.493493
0.491615
0.48974
0.487868
0.486
0.484136
0.482275
0.480417
0.478563
0.476712
0.474864
0.47302
0.471179
0.469342
0.467508
0.465677
0.463849
0.462025
0.460204
0.458386
0.456571
0.45476
0.452951
0.451146
0.449344
0.447545
0.44575
0.443957
0.442168
0.440381
0.438598
0.436818
0.435041
0.433266
0.431495
0.429727
0.427962
0.4262
0.424441
0.422684
0.420931
0.419181
0.417433
0.415689
0.413947
0.412208
0.410473
0.40874
0.407009
0.405282
0.403557
0.401836
0.400117
0.398401
0.396687
0.394976
0.393269
0.391563
0.389861
0.388161
0.386464
0.38477
0.383078
0.381389
0.379703
0.378019
0.376338
0.374659
0.372983
0.37131
0.369639
0.367971
0.366306
0.364643
0.362982
0.361324
0.359669
0.358016
0.356365
0.354717
0.353072
0.351429
0.349789
0.34815
0.346515
0.344882
0.343251
0.341622
0.339996
0.338373
0.336751
0.335133
0.333516
0.331902
0.33029
0.328681
0.327073
0.325469
0.323866
0.322266
0.320668
0.319072
0.317478
0.315887
0.314298
0.312712
0.311127
0.309545
0.307965
0.306387
0.304811
0.303238
0.301666
0.300097
0.29853
0.296965
0.295402
0.293842
0.292283
0.290727
0.289173
0.28762
0.28607
0.284522
0.282976
0.281432
0.279891
0.278351
0.276813
0.275277
0.273744
0.272212
0.270682
0.269155
0.267629
0.266105
0.264583
0.263064
0.261546
0.26003
0.258516
0.257004
0.255494
0.253986
0.25248
0.250975
0.249473
0.247972
0.246474
0.244977
0.243482
0.241989
0.240498
0.239008
0.237521
0.236035
0.234551
0.233069
0.231589
0.230111
0.228634
0.227159
0.225686
0.224215
0.222746
0.221278
0.219812
0.218348
0.216885
0.215424
0.213965
0.212508
0.211053
0.209599
0.208147
0.206696
0.205247
0.2038
0.202355
0.200911
0.199469
0.198029
0.19659
0.195153
0.193718
0.192284
0.190852
0.189421
0.187992
0.186565
0.185139
0.183715
0.182292
0.180871
0.179452
0.178034
0.176618
0.175203
0.17379
0.172379
0.170969
0.16956
0.168153
0.166748
0.165344
0.163942
0.162541
0.161141
0.159744
0.158347
0.156952
0.155559
0.154167
0.152777
0.151388
0.15
0.148614
0.14723
0.145847
0.144465
0.143085
0.141706
0.140328
0.138952
0.137578
0.136205
0.134833
0.133463
0.132094
0.130726
0.12936
0.127995
0.126632
0.12527
0.123909
0.12255
0.121192
0.119835
0.11848
0.117126
0.115773
0.114422
0.113072
0.111724
0.110376
0.10903
0.107686
0.106342
0.105
0.10366
0.10232
0.100982
0.0996449
0.0983093
0.0969749
0.0956418
0.09431
0.0929794
0.0916501
0.090322
0.0889952
0.0876696
0.0863452
0.0850221
0.0837002
0.0823795
0.08106
0.0797418
0.0784248
0.0771089
0.0757943
0.0744809
0.0731686
0.0718576
0.0705477
0.069239
0.0679315
0.0666252
0.06532
0.064016
0.0627132
0.0614115
0.060111
0.0588116
0.0575133
0.0562162
0.0549203
0.0536254
0.0523317
0.0510391
0.0497477
0.0484573
0.0471681
0.04588
0.0445929
0.043307
0.0420222
0.0407385
0.0394558
0.0381743
0.0368938
0.0356144
0.0343361
0.0330588
0.0317826
0.0305075
0.0292335
0.0279605
0.0266885
0.0254176
0.0241478
0.022879
0.0216112
0.0203444
0.0190787
0.0178141
0.0165504
0.0152878
0.0140261
0.0127655
0.0115059
0.0102474
0.00898977
0.00773319
0.0064776
0.005223
0.0039694
0.00271678
0.00146514
0.000214486
-0.00103519
-0.0022839
-0.00353164
-0.00477841
-0.00602422
-0.00726906
-0.00851295
-0.00975589
-0.0109979
-0.0122389
-0.013479
-0.0147182
-0.0159564
-0.0171937
-0.01843
-0.0196655
-0.0209
-0.0221335
-0.0233662
-0.0245979
-0.0258288
-0.0270587
-0.0282877
-0.0295158
-0.030743
-0.0319694
-0.0331948
-0.0344193
-0.035643
-0.0368657
-0.0380876
-0.0393086
-0.0405287
-0.041748
-0.0429663
-0.0441838
-0.0454005
-0.0466163
-0.0478312
-0.0490453
-0.0502585
-0.0514708
-0.0526824
-0.053893
-0.0551029
-0.0563119
-0.05752
-0.0587273
-0.0599338
-0.0611395
-0.0623443
-0.0635484
-0.0647516
-0.0659539
-0.0671555
-0.0683563
-0.0695562
-0.0707553
-0.0719537
-0.0731512
-0.074348
-0.0755439
-0.0767391
-0.0779334
-0.079127
-0.0803198
-0.0815118
-0.082703
-0.0838935
-0.0850832
-0.0862721
-0.0874602
-0.0886476
-0.0898342
-0.09102
-0.0922051
-0.0933894
-0.094573
-0.0957558
-0.0969379
-0.0981192
-0.0992998
-0.10048
-0.101659
-0.102837
-0.104015
-0.105192
-0.106368
-0.107543
-0.108718
-0.109892
-0.111065
-0.112238
-0.11341
-0.114581
-0.115751
-0.116921
-0.11809
-0.119258
-0.120426
-0.121593
-0.122759
-0.123924
-0.125089
-0.126253
-0.127417
-0.12858
-0.129742
-0.130903
-0.132064
-0.133224
-0.134383
-0.135542
-0.1367
-0.137857
-0.139014
-0.14017
-0.141325
-0.14248
-0.143634
-0.144788
-0.14594
-0.147092
-0.148244
-0.149395
-0.150545
-0.151694
-0.152843
-0.153991
-0.155139
-0.156286
-0.157432
-0.158578
-0.159723
-0.160868
-0.162012
-0.163155
-0.164297
-0.165439
-0.166581
-0.167721
-0.168862
-0.170001
-0.17114
-0.172278
-0.173416
-0.174553
-0.17569
-0.176826
-0.177961
-0.179096
-0.18023
-0.181364
-0.182497
-0.183629
-0.184761
-0.185892
-0.187023
-0.188153
-0.189282
-0.190411
-0.19154
-0.192667
-0.193795
-0.194921
-0.196047
-0.197173
-0.198298
-0.199422
-0.200546
-0.201669
-0.202792
-0.203914
-0.205036
-0.206157
-0.207278
-0.208398
-0.209517
-0.210636
-0.211755
-0.212872
-0.21399
-0.215106
-0.216223
-0.217338
-0.218454
-0.219568
-0.220683
-0.221796
-0.222909
-0.224022
-0.225134
-0.226245
-0.227357
-0.228467
-0.229577
-0.230687
-0.231796
-0.232904
-0.234012
-0.23512
-0.236227
-0.237333
-0.238439
-0.239545
-0.24065
-0.241754
-0.242858
-0.243962
-0.245065
-0.246167
-0.247269
-0.248371
-0.249472
-0.250573
-0.251673
-0.252772
-0.253872
-0.25497
-0.256069
-0.257166
-0.258264
-0.259361
-0.260457
-0.261553
-0.262648
-0.263743
-0.264838
-0.265932
-0.267026
-0.268119
-0.269212
-0.270304
-0.271396
-0.272487
-0.273578
-0.274669
-0.275759
-0.276848
-0.277937
-0.279026
-0.280114
-0.281202
-0.28229
-0.283377
-0.284463
-0.285549
-0.286635
-0.28772
-0.288805
-0.289889
-0.290973
-0.292057
-0.29314
-0.294223
-0.295305
-0.296387
-0.297468
-0.29855
-0.29963
-0.30071
-0.30179
-0.30287
-0.303949
-0.305027
-0.306106
-0.307183
-0.308261
-0.309338
-0.310414
-0.311491
-0.312566
-0.313642
-0.314717
-0.315791
-0.316866
-0.31794
-0.319013
-0.320086
-0.321159
-0.322231
-0.323303
-0.324375
-0.325446
-0.326517
-0.327587
-0.328657
-0.329727
-0.330796
-0.331865
-0.332933
-0.334002
-0.335069
-0.336137
-0.337204
-0.338271
-0.339337
-0.340403
-0.341469
-0.342534
-0.343599
-0.344663
-0.345727
-0.346791
-0.347855
-0.348918
-0.349981
-0.351043
-0.352105
-0.353167
-0.354228
-0.355289
-0.35635
-0.357411
-0.358471
-0.35953
-0.36059
-0.361649
-0.362707
-0.363766
-0.364824
-0.365881
-0.366939
-0.367996
-0.369052
-0.370109
-0.371165
-0.37222
-0.373276
-0.374331
-0.375386
-0.37644
-0.377494
-0.378548
-0.379601
-0.380654
-0.381707
-0.38276
-0.383812
-0.384864
-0.385915
-0.386967
-0.388017
-0.389068
-0.390118
-0.391168
-0.392218
-0.393268
-0.394317
-0.395366
-0.396414
-0.397462
-0.39851
-0.399558
-0.400605
-0.401652
-0.402699
-0.403745
-0.404791
-0.405837
-0.406883
-0.407928
-0.408973
-0.410018
-0.411062
-0.412106
-0.41315
-0.414194
-0.415237
-0.41628
-0.417323
-0.418365
-0.419407
-0.420449
-0.421491
-0.422532
-0.423573
-0.424614
-0.425655
-0.426695
-0.427735
-0.428775
-0.429814
-0.430853
-0.431892
-0.432931
-0.433969
-0.435007
-0.436045
-0.437083
-0.43812
-0.439157
-0.440194
-0.441231
-0.442267
-0.443303
-0.444339
-0.445374
-0.44641
-0.447445
-0.448479
-0.449514
-0.450548
-0.451582
-0.452616
-0.45365
-0.454683
-0.455716
-0.456749
-0.457782
-0.458814
-0.459846
-0.460878
-0.46191
-0.462941
-0.463972
-0.465003
-0.466034
-0.467064
-0.468094
-0.469124
-0.470154
-0.471184
-0.472213
-0.473242
-0.474271
-0.475299
-0.476328
-0.477356
-0.478384
-0.479412
-0.480439
-0.481466
-0.482493
-0.48352
-0.484547
-0.485573
-0.486599
-0.487625
-0.488651
-0.489677
-0.490702
-0.491727
-0.492752
-0.493777
-0.494801
-0.495825
-0.496849
-0.497873
-0.498897
-0.49992
-0.500944
-0.501967
-0.502989
-0.504012
-0.505034
-0.506057
-0.507079
-0.5081
-0.509122
-0.510143
-0.511165
-0.512186
-0.513207
-0.514227
-0.515248
-0.516268
-0.517288
-0.518308
-0.519327
-0.520347
-0.521366
-0.522385
-0.523404
-0.524423
-0.525441
-0.52646
-0.527478
-0.528496
-0.529513
-0.530531
-0.531549
-0.532566
-0.533583
-0.5346
-0.535616
-0.536633
-0.537649
-0.538665
-0.539681
-0.540697
-0.541713
-0.542728
-0.543744
-0.544759
-0.545774
-0.546788
-0.547803
-0.548817
-0.549832
-0.550846
-0.55186
-0.552873
-0.553887
-0.5549
-0.555914
-0.556927
-0.55794
-0.558952
-0.559965
-0.560978
-0.56199
-0.563002
-0.564014
-0.565026
-0.566037
-0.567049
-0.56806
-0.569071
-0.570082
-0.571093
-0.572104
-0.573114
-0.574125
-0.575135
-0.576145
-0.577155
-0.578165
-0.579175
-0.580184
-0.581193
-0.582203
-0.583212
-0.584221
-0.585229
-0.586238
-0.587247
-0.588255
-0.589263
-0.590271
-0.591279
-0.592287
-0.593294
-0.594302
-0.595309
-0.596316
-0.597323
-0.59833
-0.599337
-0.600344
-0.60135
-0.602357
-0.603363
-0.604369
-0.605375
-0.606381
-0.607387
-0.608392
-0.609398
-0.610403
-0.611408
-0.612413
-0.613418
-0.614423
-0.615428
-0.616432
-0.617437
-0.618441
-0.619445
-0.620449
-0.621453
-0.622457
-0.623461
-0.624464
-0.625468
-0.626471
-0.627474
-0.628477
-0.62948
-0.630483
-0.631486
-0.632489
-0.633491
-0.634493
-0.635496
-0.636498
-0.6375
-0.638502
-0.639504
-0.640505
-0.641507
-0.642508
-0.64351
-0.644511
-0.645512
-0.646513
-0.647514
-0.648515
-0.649515
-0.650516
-0.651517
-0.652517
-0.653517
-0.654517
-0.655517
-0.656517
-0.657517
-0.658517
-0.659517
-0.660516
-0.661516
-0.662515
-0.663514
-0.664513
-0.665512
-0.666511
-0.66751
-0.668509
-0.669507
-0.670506
-0.671504
-0.672503
-0.673501
-0.674499
-0.675497
-0.676495
-0.677493
-0.678491
-0.679488
-0.680486
-0.681484
-0.682481
-0.683478
-0.684476
-0.685473
-0.68647
-0.687467
-0.688464
-0.68946
-0.690457
-0.691454
-0.69245
-0.693447
-0.694443
-0.695439
-0.696435
-0.697431
-0.698427
-0.699423
-0.700419
-0.701415
-0.702411
-0.703406
-0.704402
-0.705397
-0.706392
-0.707388
-0.708383
-0.709378
-0.710373
-0.711368
-0.712363
-0.713358
-0.714352
-0.715347
-0.716341
-0.717336
-0.71833
-0.719325
-0.720319
-0.721313
-0.722307
-0.723301
-0.724295
-0.725289
-0.726283
-0.727277
-0.72827
-0.729264
-0.730257
-0.731251
-0.732244
-0.733238
-0.734231
-0.735224
-0.736217
-0.73721
-0.738203
-0.739196
-0.740189
-0.741182
-0.742174
-0.743167
-0.744159
-0.745152
-0.746144
-0.747137
-0.748129
-0.749121
-0.750113
-0.751106
-0.752098
-0.75309
-0.754082
-0.755073
-0.756065
-0.757057
-0.758049
-0.75904
-0.760032
-0.761023
-0.762015
-0.763006
-0.763998
-0.764989
-0.76598
-0.766971
-0.767962
-0.768953
-0.769944
-0.770935
-0.771926
-0.772917
-0.773908
-0.774899
-0.775889
-0.77688
-0.77787
-0.778861
-0.779851
-0.780842
-0.781832
-0.782822
-0.783813
-0.784803
-0.785793
-0.786783
-0.787773
-0.788763
-0.789753
-0.790743
-0.791733
-0.792722
-0.793712
-0.794702
-0.795691
-0.796681
-0.797671
-0.79866
-0.799649
-0.800639
-0.801628
-0.802617
-0.803607
-0.804596
-0.805585
-0.806574
-0.807563
-0.808552
-0.809541
-0.81053
-0.811519
-0.812508
-0.813497
-0.814486
-0.815474
-0.816463
-0.817452
-0.81844
-0.819429
-0.820417
-0.821406
-0.822394
-0.823383
-0.824371
-0.825359
-0.826348
-0.827336
-0.828324
-0.829312
-0.8303
-0.831288
-0.832276
-0.833265
-0.834252
-0.83524
-0.836228
-0.837216
-0.838204
-0.839192
-0.840179
-0.841167
-0.842155
-0.843142
-0.84413
-0.845118
-0.846105
-0.847093
-0.84808
-0.849068
-0.850055
-0.851042
-0.85203
-0.853017
-0.854004
-0.854991
-0.855979
-0.856966
-0.857953
-0.85894
-0.859927
-0.860914
-0.861901
-0.862888
-0.863875
-0.864862
-0.865849
-0.866836
-0.867822
-0.868809
-0.869796
-0.870783
-0.871769
-0.872756
-0.873743
-0.874729
-0.875716
-0.876702
-0.877689
-0.878675
-0.879662
-0.880648
-0.881634
-0.882621
-0.883607
-0.884593
-0.88558
-0.886566
-0.887552
-0.888538
-0.889525
-0.890511
-0.891497
-0.892483
-0.893469
-0.894455
-0.895441
-0.896427
-0.897413
-0.898399
-0.899385
-0.900371
-0.901357
-0.902342
-0.903328
-0.904314
-0.9053
-0.906285
-0.907271
-0.908257
-0.909243
-0.910228
-0.911214
-0.912199
-0.913185
-0.91417
-0.915156
-0.916141
-0.917127
-0.918112
-0.919098
-0.920083
-0.921068
-0.922054
-0.923039
-0.924024
-0.92501
-0.925995
-0.92698
-0.927965
-0.928951
-0.929936
-0.930921
-0.931906
-0.932891
-0.933876
-0.934861
-0.935846
-0.936831
-0.937816
-0.938801
-0.939786
-0.940771
-0.941756
-0.942741
-0.943726
-0.944711
-0.945695
-0.94668
-0.947665
-0.94865
-0.949634
-0.950619
-0.951604
-0.952589
-0.953573
-0.954558
-0.955542
-0.956527
-0.957512
-0.958496
-0.959481
-0.960465
-0.96145
-0.962434
-0.963419
-0.964403
-0.965387
-0.966372
-0.967356
-0.96834
-0.969325
-0.970309
-0.971293
-0.972278
-0.973262
-0.974246
-0.97523
-0.976214
-0.977199
-0.978183
-0.979167
-0.980151
-0.981135
-0.982119
-0.983103
-0.984087
-0.985071
-0.986055
-0.987039
-0.988023
-0.989007
-0.989991
-0.990975
-0.991958
-0.992942
-0.993926
-0.99491
-0.995894
-0.996877
-0.997861
-0.998845
-0.999828
-1.00081
-1.0018
-1.00278
-1.00376
-1.00475
-1.00573
-1.00671
-1.0077
-1.00868
-1.00966
-1.01065
-1.01163
-1.01261
-1.0136
-1.01458
-1.01556
-1.01655
-1.01753
-1.01851
-1.0195
-1.02048
-1.02146
-1.02245
-1.02343
-1.02441
-1.0254
-1.02638
-1.02736
-1.02835
-1.02933
-1.03031
-1.0313
-1.03228
-1.03326
-1.03424
-1.03523
-1.03621
-1.03719
-1.03818
-1.03916
-1.04014
-1.04112
-1.04211
-1.04309
-1.04407
-1.04505
-1.04604
-1.04702
-1.048
-1.04899
-1.04997
-1.05095
-1.05193
-1.05292
-1.0539
-1.05488
-1.05586
-1.05685
-1.05783
-1.05881
-1.05979
-1.06077
-1.06176
-1.06274
-1.06372
-1.0647
-1.06569
-1.06667
-1.06765
-1.06863
-1.06961
-1.0706
-1.07158
-1.07256
-1.07354
-1.07452
-1.07551
-1.07649
-1.07747
-1.07845
-1.07943
-1.08041
-1.0814
-1.08238
-1.08336
-1.08434
-1.08532
-1.0863
-1.08729
-1.08827
-1.08925
-1.09023
-1.09121
-1.09219
-1.09317
-1.09416
-1.09514
-1.09612
-1.0971
-1.09808
-1.09906
-1.10004
-1.10102
-1.102
-1.10299
-1.10397
-1.10495
-1.10593
-1.10691
-1.10789
-1.10887
-1.10985
-1.11083
-1.11181
-1.11279
-1.11377
-1.11475
-1.11574
-1.11672
-1.1177
-1.11868
-1.11966
-1.12064
-1.12162
-1.1226
-1.12358
-1.12456
-1.12554
-1.12652
-1.1275
-1.12848
-1.12946
-1.13044
-1.13142
-1.1324
-1.13338
-1.13436
-1.13534
-1.13632
-1.1373
-1.13828
-1.13926
-1.14024
-1.14122
-1.1422
-1.14317
-1.14415
-1.14513
-1.14611
-1.14709
-1.14807
-1.14905
-1.15003
-1.15101
-1.15199
-1.15297
-1.15394
-1.15492
-1.1559
-1.15688
-1.15786
-1.15884
-1.15982
-1.1608
-1.16177
-1.16275
-1.16373
-1.16471
-1.16569
-1.16667
-1.16764
-1.16862
-1.1696
-1.17058
-1.17156
-1.17253
-1.17351
-1.17449
-1.17547
-1.17645
-1.17742
-1.1784
-1.17938
-1.18036
-1.18133
-1.18231
-1.18329
-1.18426
-1.18524
-1.18622
-1.1872
-1.18817
-1.18915
-1.19013
-1.1911
-1.19208
-1.19306
-1.19403
-1.19501
-1.19599
-1.19696
-1.19794
-1.19892
-1.19989
-1.20087
-1.20184
-1.20282
-1.2038
-1.20477
-1.20575
-1.20672
-1.2077
-1.20868
-1.20965
-1.21063
-1.2116
-1.21258
-1.21355
-1.21453
-1.2155
-1.21648
-1.21745
-1.21843
-1.2194
-1.22038
-1.22135
-1.22233
-1.2233
-1.22428
-1.22525
-1.22622
-1.2272
-1.22817
-1.22915
-1.23012
-1.23109
-1.23207
-1.23304
-1.23402
-1.23499
-1.23596
-1.23694
-1.23791
-1.23888
-1.23986
-1.24083
-1.2418
-1.24277
-1.24375
-1.24472
-1.24569
-1.24666
-1.24764
-1.24861
-1.24958
-1.25055
-1.25153
-1.2525
-1.25347
-1.25444
-1.25541
-1.25639
-1.25736
-1.25833
-1.2593
-1.26027
-1.26124
-1.26221
-1.26318
-1.26415
-1.26513
-1.2661
-1.26707
-1.26804
-1.26901
-1.26998
-1.27095
-1.27192
-1.27289
-1.27386
-1.27483
-1.2758
-1.27677
-1.27774
-1.27871
-1.27967
-1.28064
-1.28161
-1.28258
-1.28355
-1.28452
-1.28549
-1.28646
-1.28742
-1.28839
-1.28936
-1.29033
-1.2913
-1.29226
-1.29323
-1.2942
-1.29517
-1.29613
-1.2971
-1.29807
-1.29903
-1.3
-1.30097
-1.30193
-1.3029
-1.30387
-1.30483
-1.3058
-1.30676
-1.30773
-1.3087
-1.30966
-1.31063
-1.31159
-1.31256
-1.31352
-1.31449
-1.31545
-1.31642
-1.31738
-1.31835
-1.31931
-1.32027
-1.32124
-1.3222
-1.32317
-1.32413
-1.32509
-1.32606
-1.32702
-1.32798
-1.32894
-1.32991
-1.33087
-1.33183
-1.33279
-1.33376
-1.33472
-1.33568
-1.33664
-1.3376
-1.33856
-1.33953
-1.34049
-1.34145
-1.34241
-1.34337
-1.34433
-1.34529
-1.34625
-1.34721
-1.34817
-1.34913
-1.35009
-1.35105
-1.35201
-1.35297
-1.35392
-1.35488
-1.35584
-1.3568
-1.35776
-1.35872
-1.35967
-1.36063
-1.36159
-1.36255
-1.3635
-1.36446
-1.36542
-1.36637
-1.36733
-1.36829
-1.36924
-1.3702
-1.37115
-1.37211
-1.37307
-1.37402
-1.37498
-1.37593
-1.37688
-1.37784
-1.37879
-1.37975
-1.3807
-1.38166
-1.38261
-1.38356
-1.38452
-1.38547
-1.38642
-1.38737
-1.38833
-1.38928
-1.39023
-1.39118
-1.39213
-1.39309
-1.39404
-1.39499
-1.39594
-1.39689
-1.39784
-1.39879
-1.39974
-1.40069
-1.40164
-1.40259
-1.40354
-1.40449
-1.40544
-1.40638
-1.40733
-1.40828
-1.40923
-1.41018
-1.41112
-1.41207
-1.41302
-1.41396
-1.41491
-1.41586
-1.4168
-1.41775
-1.4187
-1.41964
-1.42059
-1.42153
-1.42248
-1.42342
-1.42436
-1.42531
-1.42625
-1.4272
-1.42814
-1.42908
-1.43003
-1.43097
-1.43191
-1.43285
-1.4338
-1.43474
-1.43568
-1.43662
-1.43756
-1.4385
-1.43944
-1.44038
-1.44132
-1.44226
-1.4432
-1.44414
-1.44508
-1.44602
-1.44696
-1.4479
-1.44883
-1.44977
-1.45071
-1.45165
-1.45258
-1.45352
-1.45446
-1.45539
-1.45633
-1.45726
-1.4582
-1.45913
-1.46007
-1.461
-1.46194
-1.46287
-1.46381
-1.46474
-1.46567
-1.46661
-1.46754
-1.46847
-1.4694
-1.47033
-1.47127
-1.4722
-1.47313
-1.47406
-1.47499
-1.47592
-1.47685
-1.47778
-1.47871
-1.47964
-1.48057
-1.48149
-1.48242
-1.48335
-1.48428
-1.4852
-1.48613
-1.48706
-1.48798
-1.48891
-1.48984
-1.49076
-1.49169
-1.49261
-1.49353
-1.49446
-1.49538
-1.49631
-1.49723
-1.49815
-1.49907
-1.5
-1.50092
-1.50184
-1.50276
-1.50368
-1.5046
-1.50552
-1.50644
-1.50736
-1.50828
-1.5092
-1.51012
-1.51104
-1.51196
-1.51287
-1.51379
-1.51471
-1.51562
-1.51654
-1.51746
-1.51837
-1.51929
-1.5202
-1.52112
-1.52203
-1.52294
-1.52386
-1.52477
-1.52568
-1.52659
-1.52751
-1.52842
-1.52933
-1.53024
-1.53115
-1.53206
-1.53297
-1.53388
-1.53479
-1.5357
-1.53661
-1.53751
-1.53842
-1.53933
-1.54024
-1.54114
-1.54205
-1.54295
-1.54386
-1.54476
-1.54567
-1.54657
-1.54748
-1.54838
-1.54928
-1.55018
-1.55109
-1.55199
-1.55289
-1.55379
-1.55469
-1.55559
-1.55649
-1.55739
-1.55829
-1.55919
-1.56009
-1.56098
-1.56188
-1.56278
-1.56368
-1.56457
-1.56547
-1.56636
-1.56726
-1.56815
-1.56905
-1.56994
-1.57083
-1.57173
-1.57262
-1.57351
-1.5744
-1.57529
-1.57618
-1.57707
-1.57796
-1.57885
-1.57974
-1.58063
-1.58152
-1.5824
-1.58329
-1.58418
-1.58506
-1.58595
-1.58684
-1.58772
-1.5886
-1.58949
-1.59037
-1.59125
-1.59214
-1.59302
-1.5939
-1.59478
-1.59566
-1.59654
-1.59742
-1.5983
-1.59918
-1.60006
-1.60094
-1.60181
-1.60269
-1.60357
-1.60444
-1.60532
-1.60619
-1.60707
-1.60794
-1.60882
-1.60969
-1.61056
-1.61143
-1.61231
-1.61318
-1.61405
-1.61492
-1.61579
-1.61666
-1.61752
-1.61839
-1.61926
-1.62013
-1.62099
-1.62186
-1.62272
-1.62359
-1.62445
-1.62532
-1.62618
-1.62704
-1.62791
-1.62877
-1.62963
-1.63049
-1.63135
-1.63221
-1.63307
-1.63393
-1.63479
-1.63564
-1.6365
-1.63736
-1.63821
-1.63907
-1.63992
-1.64078
-1.64163
-1.64248
-1.64334
-1.64419
-1.64504
-1.64589
-1.64674
-1.64759
-1.64844
-1.64929
-1.65014
-1.65099
-1.65183
-1.65268
-1.65353
-1.65437
-1.65522
-1.65606
-1.6569
-1.65775
-1.65859
-1.65943
-1.66027
-1.66111
-1.66195
-1.66279
-1.66363
-1.66447
-1.66531
-1.66614
-1.66698
-1.66782
-1.66865
-1.66949
-1.67032
-1.67115
-1.67199
-1.67282
-1.67365
-1.67448
-1.67531
-1.67614
-1.67697
-1.6778
-1.67863
-1.67945
-1.68028
-1.68111
-1.68193
-1.68276
-1.68358
-1.6844
-1.68523
-1.68605
-1.68687
-1.68769
-1.68851
-1.68933
-1.69015
-1.69097
-1.69179
-1.6926
-1.69342
-1.69423
-1.69505
-1.69586
-1.69668
-1.69749
-1.6983
-1.69911
-1.69993
-1.70074
-1.70155
-1.70235
-1.70316
-1.70397
-1.70478
-1.70558
-1.70639
-1.70719
-1.708
-1.7088
-1.7096
-1.71041
-1.71121
-1.71201
-1.71281
-1.71361
-1.71441
-1.7152
-1.716
-1.7168
-1.71759
-1.71839
-1.71918
-1.71998
-1.72077
-1.72156
-1.72235
-1.72314
-1.72393
-1.72472
-1.72551
-1.7263
-1.72709
-1.72787
-1.72866
-1.72944
-1.73023
-1.73101
-1.73179
-1.73258
-1.73336
-1.73414
-1.73492
-1.7357
-1.73647
-1.73725
-1.73803
-1.7388
-1.73958
-1.74035
-1.74113
-1.7419
-1.74267
-1.74344
-1.74421
-1.74498
-1.74575
-1.74652
-1.74729
-1.74805
-1.74882
-1.74958
-1.75035
-1.75111
-1.75187
-1.75264
-1.7534
-1.75416
-1.75492
-1.75568
-1.75643
-1.75719
-1.75795
-1.7587
-1.75946
-1.76021
-1.76096
-1.76172
-1.76247
-1.76322
-1.76397
-1.76472
-1.76546
-1.76621
-1.76696
-1.7677
-1.76845
-1.76919
-1.76993
-1.77068
-1.77142
-1.77216
-1.7729
-1.77364
-1.77437
-1.77511
-1.77585
-1.77658
-1.77732
-1.77805
-1.77878
-1.77952
-1.78025
-1.78098
-1.78171
-1.78243
-1.78316
-1.78389
-1.78461
-1.78534
-1.78606
-1.78679
-1.78751
-1.78823
-1.78895
-1.78967
-1.79039
-1.79111
-1.79182
-1.79254
-1.79325
-1.79397
-1.79468
-1.79539
-1.79611
-1.79682
-1.79753
-1.79823
-1.79894
-1.79965
-1.80035
-1.80106
-1.80176
-1.80247
-1.80317
-1.80387
-1.80457
-1.80527
-1.80597
-1.80667
-1.80736
-1.80806
-1.80875
-1.80945
-1.81014
-1.81083
-1.81152
-1.81221
-1.8129
-1.81359
-1.81428
-1.81496
-1.81565
-1.81633
-1.81701
-1.8177
-1.81838
-1.81906
-1.81974
-1.82042
-1.82109
-1.82177
-1.82245
-1.82312
-1.82379
-1.82447
-1.82514
-1.82581
-1.82648
-1.82714
-1.82781
-1.82848
-1.82914
-1.82981
-1.83047
-1.83113
-1.8318
-1.83246
-1.83312
-1.83377
-1.83443
-1.83509
-1.83574
-1.8364
-1.83705
-1.8377
-1.83835
-1.839
-1.83965
-1.8403
-1.84095
-1.84159
-1.84224
-1.84288
-1.84352
-1.84417
-1.84481
-1.84545
-1.84608
-1.84672
-1.84736
-1.84799
-1.84863
-1.84926
-1.84989
-1.85053
-1.85116
-1.85178
-1.85241
-1.85304
-1.85366
-1.85429
-1.85491
-1.85554
-1.85616
-1.85678
-1.8574
-1.85801
-1.85863
-1.85925
-1.85986
-1.86048
-1.86109
-1.8617
-1.86231
-1.86292
-1.86353
-1.86413
-1.86474
-1.86535
-1.86595
-1.86655
-1.86715
-1.86775
-1.86835
-1.86895
-1.86955
-1.87014
-1.87074
-1.87133
-1.87192
-1.87252
-1.87311
-1.87369
-1.87428
-1.87487
-1.87546
-1.87604
-1.87662
-1.8772
-1.87779
-1.87837
-1.87894
-1.87952
-1.8801
-1.88067
-1.88125
-1.88182
-1.88239
-1.88296
-1.88353
-1.8841
-1.88467
-1.88523
-1.8858
-1.88636
-1.88692
-1.88748
-1.88804
-1.8886
-1.88916
-1.88971
-1.89027
-1.89082
-1.89138
-1.89193
-1.89248
-1.89303
-1.89357
-1.89412
-1.89467
-1.89521
-1.89575
-1.89629
-1.89684
-1.89737
-1.89791
-1.89845
-1.89898
-1.89952
-1.90005
-1.90058
-1.90111
-1.90164
-1.90217
-1.9027
-1.90322
-1.90375
-1.90427
-1.90479
-1.90531
-1.90583
-1.90635
-1.90687
-1.90738
-1.9079
-1.90841
-1.90892
-1.90943
-1.90994
-1.91045
-1.91096
-1.91146
-1.91197
-1.91247
-1.91297
-1.91347
-1.91397
-1.91447
-1.91497
-1.91546
-1.91596
-1.91645
-1.91694
-1.91743
-1.91792
-1.91841
-1.91889
-1.91938
-1.91986
-1.92034
-1.92082
-1.9213
-1.92178
-1.92226
-1.92274
-1.92321
-1.92368
-1.92416
-1.92463
-1.92509
-1.92556
-1.92603
-1.92649
-1.92696
-1.92742
-1.92788
-1.92834
-1.9288
-1.92926
-1.92971
-1.93017
-1.93062
-1.93107
-1.93152
-1.93197
-1.93242
-1.93287
-1.93331
-1.93376
-1.9342
-1.93464
-1.93508
-1.93552
-1.93595
-1.93639
-1.93682
-1.93726
-1.93769
-1.93812
-1.93855
-1.93897
-1.9394
-1.93983
-1.94025
-1.94067
-1.94109
-1.94151
-1.94193
-1.94234
-1.94276
-1.94317
-1.94359
-1.944
-1.94441
-1.94481
-1.94522
-1.94563
-1.94603
-1.94643
-1.94683
-1.94723
-1.94763
-1.94803
-1.94842
-1.94882
-1.94921
-1.9496
-1.94999
-1.95038
-1.95077
-1.95115
-1.95154
-1.95192
-1.9523
-1.95268
-1.95306
-1.95343
-1.95381
-1.95418
-1.95456
-1.95493
-1.9553
-1.95567
-1.95603
-1.9564
-1.95676
-1.95713
-1.95749
-1.95785
-1.9582
-1.95856
-1.95892
-1.95927
-1.95962
-1.95997
-1.96032
-1.96067
-1.96102
-1.96136
-1.96171
-1.96205
-1.96239
-1.96273
-1.96307
-1.9634
-1.96374
-1.96407
-1.96441
-1.96474
-1.96506
-1.96539
-1.96572
-1.96604
-1.96637
-1.96669
-1.96701
-1.96733
-1.96764
-1.96796
-1.96827
-1.96859
-1.9689
-1.96921
-1.96952
-1.96982
-1.97013
-1.97043
-1.97074
-1.97104
-1.97134
-1.97163
-1.97193
-1.97223
-1.97252
-1.97281
-1.9731
-1.97339
-1.97368
-1.97396
-1.97425
-1.97453
-1.97481
-1.97509
-1.97537
-1.97565
-1.97592
-1.9762
-1.97647
-1.97674
-1.97701
-1.97728
-1.97754
-1.97781
-1.97807
-1.97833
-1.97859
-1.97885
-1.97911
-1.97936
-1.97962
-1.97987
-1.98012
-1.98037
-1.98062
-1.98086
-1.98111
-1.98135
-1.98159
-1.98183
-1.98207
-1.98231
-1.98254
-1.98278
-1.98301
-1.98324
-1.98347
-1.9837
-1.98392
-1.98415
-1.98437
-1.98459
-1.98481
-1.98503
-1.98525
-1.98547
-1.98568
-1.98589
-1.9861
-1.98631
-1.98652
-1.98673
-1.98693
-1.98713
-1.98733
-1.98753
-1.98773
-1.98793
-1.98812
-1.98832
-1.98851
-1.9887
-1.98889
-1.98908
-1.98926
-1.98945
-1.98963
-1.98981
-1.98999
-1.99017
-1.99034
-1.99052
-1.99069
-1.99086
-1.99103
-1.9912
-1.99137
-1.99153
-1.9917
-1.99186
-1.99202
-1.99218
-1.99234
-1.99249
-1.99265
-1.9928
-1.99295
-1.9931
-1.99325
-1.99339
-1.99354
-1.99368
-1.99382
-1.99396
-1.9941
-1.99424
-1.99437
-1.99451
-1.99464
-1.99477
-1.9949
-1.99502
-1.99515
-1.99527
-1.9954
-1.99552
-1.99564
-1.99575
-1.99587
-1.99598
-1.9961
-1.99621
-1.99632
-1.99642
-1.99653
-1.99664
-1.99674
-1.99684
-1.99694
-1.99704
-1.99714
-1.99723
-1.99732
-1.99742
-1.99751
-1.9976
-1.99768
-1.99777
-1.99785
-1.99794
-1.99802
-1.9981
-1.99817
-1.99825
-1.99832
-1.9984
-1.99847
-1.99854
-1.9986
-1.99867
-1.99874
-1.9988
-1.99886
-1.99892
-1.99898
-1.99903
-1.99909
-1.99914
-1.99919
-1.99924
-1.99929
-1.99934
-1.99939
-1.99943
-1.99947
-1.99951
-1.99955
-1.99959
-1.99962
-1.99966
-1.99969
-1.99972
-1.99975
-1.99978
-1.9998
-1.99983
-1.99985
-1.99987
-1.99989
-1.99991
-1.99993
-1.99994
-1.99995
-1.99996
-1.99997
-1.99998
-1.99999
-1.99999
-2
-2
-2
-2
-2
-1.99999
-1.99998
-1.99998
-1.99997
-1.99996
-1.99994
-1.99993
-1.99991
-1.99989
-1.99988
-1.99985
-1.99983
-1.99981
-1.99978
-1.99976
-1.99973
-1.9997
-1.99966
-1.99963
-1.99959
-1.99956
-1.99952
-1.99948
-1.99944
-1.99939
-1.99935
-1.9993
-1.99925
-1.9992
-1.99915
-1.9991
-1.99904
-1.99899
-1.99893
-1.99887
-1.99881
-1.99875
-1.99868
-1.99862
-1.99855
-1.99848
-1.99841
-1.99834
-1.99826
-1.99819
-1.99811
-1.99803
-1.99795
-1.99787
-1.99778
-1.9977
-1.99761
-1.99752
-1.99743
-1.99734
-1.99725
-1.99715
-1.99706
-1.99696
-1.99686
-1.99676
-1.99666
-1.99655
-1.99644
-1.99634
-1.99623
-1.99612
-1.996
-1.99589
-1.99577
-1.99566
-1.99554
-1.99542
-1.9953
-1.99517
-1.99505
-1.99492
-1.99479
-1.99466
-1.99453
-1.9944
-1.99426
-1.99413
-1.99399
-1.99385
-1.99371
-1.99356
-1.99342
-1.99327
-1.99313
-1.99298
-1.99283
-1.99267
-1.99252
-1.99236
-1.99221
-1.99205
-1.99189
-1.99173
-1.99156
-1.9914
-1.99123
-1.99106
-1.99089
-1.99072
-1.99055
-1.99038
-1.9902
-1.99002
-1.98984
-1.98966
-1.98948
-1.9893
-1.98911
-1.98892
-1.98873
-1.98854
-1.98835
-1.98816
-1.98796
-1.98777
-1.98757
-1.98737
-1.98717
-1.98697
-1.98676
-1.98656
-1.98635
-1.98614
-1.98593
-1.98572
-1.98551
-1.98529
-1.98507
-1.98486
-1.98464
-1.98441
-1.98419
-1.98397
-1.98374
-1.98351
-1.98328
-1.98305
-1.98282
-1.98259
-1.98235
-1.98212
-1.98188
-1.98164
-1.9814
-1.98115
-1.98091
-1.98066
-1.98041
-1.98017
-1.97992
-1.97966
-1.97941
-1.97915
-1.9789
-1.97864
-1.97838
-1.97812
-1.97786
-1.97759
-1.97732
-1.97706
-1.97679
-1.97652
-1.97625
-1.97597
-1.9757
-1.97542
-1.97514
-1.97486
-1.97458
-1.9743
-1.97402
-1.97373
-1.97344
-1.97315
-1.97286
-1.97257
-1.97228
-1.97198
-1.97169
-1.97139
-1.97109
-1.97079
-1.97049
-1.97019
-1.96988
-1.96957
-1.96927
-1.96896
-1.96865
-1.96833
-1.96802
-1.9677
-1.96739
-1.96707
-1.96675
-1.96643
-1.9661
-1.96578
-1.96545
-1.96513
-1.9648
-1.96447
-1.96413
-1.9638
-1.96347
-1.96313
-1.96279
-1.96245
-1.96211
-1.96177
-1.96143
-1.96108
-1.96074
-1.96039
-1.96004
-1.95969
-1.95934
-1.95898
-1.95863
-1.95827
-1.95791
-1.95755
-1.95719
-1.95683
-1.95647
-1.9561
-1.95573
-1.95537
-1.955
-1.95463
-1.95425
-1.95388
-1.9535
-1.95313
-1.95275
-1.95237
-1.95199
-1.95161
-1.95122
-1.95084
-1.95045
-1.95006
-1.94967
-1.94928
-1.94889
-1.9485
-1.9481
-1.9477
-1.94731
-1.94691
-1.94651
-1.9461
-1.9457
-1.9453
-1.94489
-1.94448
-1.94407
-1.94366
-1.94325
-1.94284
-1.94242
-1.94201
-1.94159
-1.94117
-1.94075
-1.94033
-1.9399
-1.93948
-1.93905
-1.93863
-1.9382
-1.93777
-1.93734
-1.9369
-1.93647
-1.93604
-1.9356
-1.93516
-1.93472
-1.93428
-1.93384
-1.93339
-1.93295
-1.9325
-1.93206
-1.93161
-1.93116
-1.93071
-1.93025
-1.9298
-1.92934
-1.92889
-1.92843
-1.92797
-1.92751
-1.92704
-1.92658
-1.92612
-1.92565
-1.92518
-1.92471
-1.92424
-1.92377
-1.9233
-1.92282
-1.92235
-1.92187
-1.92139
-1.92091
-1.92043
-1.91995
-1.91947
-1.91898
-1.9185
-1.91801
-1.91752
-1.91703
-1.91654
-1.91605
-1.91555
-1.91506
-1.91456
-1.91407
-1.91357
-1.91307
-1.91256
-1.91206
-1.91156
-1.91105
-1.91055
-1.91004
-1.90953
-1.90902
-1.90851
-1.90799
-1.90748
-1.90696
-1.90645
-1.90593
-1.90541
-1.90489
-1.90437
-1.90385
-1.90332
-1.9028
-1.90227
-1.90174
-1.90121
-1.90068
-1.90015
-1.89962
-1.89908
-1.89855
-1.89801
-1.89747
-1.89694
-1.89639
-1.89585
-1.89531
-1.89477
-1.89422
-1.89368
-1.89313
-1.89258
-1.89203
-1.89148
-1.89093
-1.89037
-1.88982
-1.88926
-1.8887
-1.88815
-1.88759
-1.88703
-1.88646
-1.8859
-1.88534
-1.88477
-1.8842
-1.88364
-1.88307
-1.8825
-1.88193
-1.88135
-1.88078
-1.8802
-1.87963
-1.87905
-1.87847
-1.87789
-1.87731
-1.87673
-1.87615
-1.87556
-1.87498
-1.87439
-1.8738
-1.87322
-1.87263
-1.87203
-1.87144
-1.87085
-1.87025
-1.86966
-1.86906
-1.86846
-1.86786
-1.86726
-1.86666
-1.86606
-1.86546
-1.86485
-1.86425
-1.86364
-1.86303
-1.86242
-1.86181
-1.8612
-1.86059
-1.85998
-1.85936
-1.85875
-1.85813
-1.85751
-1.85689
-1.85627
-1.85565
-1.85503
-1.8544
-1.85378
-1.85315
-1.85253
-1.8519
-1.85127
-1.85064
-1.85001
-1.84938
-1.84875
-1.84811
-1.84748
-1.84684
-1.8462
-1.84556
-1.84493
-1.84428
-1.84364
-1.843
-1.84236
-1.84171
-1.84107
-1.84042
-1.83977
-1.83912
-1.83847
-1.83782
-1.83717
-1.83652
-1.83586
-1.83521
-1.83455
-1.8339
-1.83324
-1.83258
-1.83192
-1.83126
-1.83059
-1.82993
-1.82927
-1.8286
-1.82794
-1.82727
-1.8266
-1.82593
-1.82526
-1.82459
-1.82392
-1.82324
-1.82257
-1.82189
-1.82122
-1.82054
-1.81986
-1.81918
-1.8185
-1.81782
-1.81714
-1.81646
-1.81577
-1.81509
-1.8144
-1.81372
-1.81303
-1.81234
-1.81165
-1.81096
-1.81027
-1.80958
-1.80888
-1.80819
-1.80749
-1.8068
-1.8061
-1.8054
-1.8047
-1.804
-1.8033
-1.8026
-1.80189
-1.80119
-1.80049
-1.79978
-1.79907
-1.79837
-1.79766
-1.79695
-1.79624
-1.79553
-1.79481
-1.7941
-1.79339
-1.79267
-1.79196
-1.79124
-1.79052
-1.7898
-1.78908
-1.78836
-1.78764
-1.78692
-1.7862
-1.78547
-1.78475
-1.78402
-1.7833
-1.78257
-1.78184
-1.78111
-1.78038
-1.77965
-1.77892
-1.77819
-1.77745
-1.77672
-1.77598
-1.77525
-1.77451
-1.77377
-1.77303
-1.7723
-1.77155
-1.77081
-1.77007
-1.76933
-1.76859
-1.76784
-1.7671
-1.76635
-1.7656
-1.76485
-1.76411
-1.76336
-1.76261
-1.76185
-1.7611
-1.76035
-1.7596
-1.75884
-1.75809
-1.75733
-1.75657
-1.75582
-1.75506
-1.7543
-1.75354
-1.75278
-1.75202
-1.75125
-1.75049
-1.74973
-1.74896
-1.7482
-1.74743
-1.74666
-1.74589
-1.74513
-1.74436
-1.74359
-1.74281
-1.74204
-1.74127
-1.7405
-1.73972
-1.73895
-1.73817
-1.7374
-1.73662
-1.73584
-1.73506
-1.73428
-1.7335
-1.73272
-1.73194
-1.73116
-1.73037
-1.72959
-1.7288
-1.72802
-1.72723
-1.72645
-1.72566
-1.72487
-1.72408
-1.72329
-1.7225
-1.72171
-1.72092
-1.72012
-1.71933
-1.71854
-1.71774
-1.71695
-1.71615
-1.71535
-1.71455
-1.71376
-1.71296
-1.71216
-1.71136
-1.71055
-1.70975
-1.70895
-1.70815
-1.70734
-1.70654
-1.70573
-1.70493
-1.70412
-1.70331
-1.7025
-1.7017
-1.70089
-1.70008
-1.69926
-1.69845
-1.69764
-1.69683
-1.69601
-1.6952
-1.69439
-1.69357
-1.69275
-1.69194
-1.69112
-1.6903
-1.68948
-1.68866
-1.68784
-1.68702
-1.6862
-1.68538
-1.68456
-1.68373
-1.68291
-1.68208
-1.68126
-1.68043
-1.67961
-1.67878
-1.67795
-1.67712
-1.67629
-1.67546
-1.67463
-1.6738
-1.67297
-1.67214
-1.67131
-1.67047
-1.66964
-1.66881
-1.66797
-1.66713
-1.6663
-1.66546
-1.66462
-1.66379
-1.66295
-1.66211
-1.66127
-1.66043
-1.65959
-1.65874
-1.6579
-1.65706
-1.65622
-1.65537
-1.65453
-1.65368
-1.65284
-1.65199
-1.65114
-1.6503
-1.64945
-1.6486
-1.64775
-1.6469
-1.64605
-1.6452
-1.64435
-1.6435
-1.64264
-1.64179
-1.64094
-1.64008
-1.63923
-1.63837
-1.63752
-1.63666
-1.6358
-1.63495
-1.63409
-1.63323
-1.63237
-1.63151
-1.63065
-1.62979
-1.62893
-1.62807
-1.6272
-1.62634
-1.62548
-1.62461
-1.62375
-1.62288
-1.62202
-1.62115
-1.62029
-1.61942
-1.61855
-1.61768
-1.61682
-1.61595
-1.61508
-1.61421
-1.61334
-1.61247
-1.6116
-1.61072
-1.60985
-1.60898
-1.6081
-1.60723
-1.60636
-1.60548
-1.60461
-1.60373
-1.60285
-1.60198
-1.6011
-1.60022
-1.59934
-1.59847
-1.59759
-1.59671
-1.59583
-1.59495
-1.59406
-1.59318
-1.5923
-1.59142
-1.59054
-1.58965
-1.58877
-1.58788
-1.587
-1.58611
-1.58523
-1.58434
-1.58346
-1.58257
-1.58168
-1.58079
-1.57991
-1.57902
-1.57813
-1.57724
-1.57635
-1.57546
-1.57457
-1.57367
-1.57278
-1.57189
-1.571
-1.5701
-1.56921
-1.56832
-1.56742
-1.56653
-1.56563
-1.56474
-1.56384
-1.56295
-1.56205
-1.56115
-1.56025
-1.55936
-1.55846
-1.55756
-1.55666
-1.55576
-1.55486
-1.55396
-1.55306
-1.55216
-1.55125
-1.55035
-1.54945
-1.54855
-1.54764
-1.54674
-1.54584
-1.54493
-1.54403
-1.54312
-1.54222
-1.54131
-1.5404
-1.5395
-1.53859
-1.53768
-1.53677
-1.53587
-1.53496
-1.53405
-1.53314
-1.53223
-1.53132
-1.53041
-1.5295
-1.52859
-1.52768
-1.52676
-1.52585
-1.52494
-1.52403
-1.52311
-1.5222
-1.52128
-1.52037
-1.51946
-1.51854
-1.51762
-1.51671
-1.51579
-1.51488
-1.51396
-1.51304
-1.51213
-1.51121
-1.51029
-1.50937
-1.50845
-1.50753
-1.50661
-1.50569
-1.50477
-1.50385
-1.50293
-1.50201
-1.50109
-1.50017
-1.49925
-1.49832
-1.4974
-1.49648
-1.49555
-1.49463
-1.49371
-1.49278
-1.49186
-1.49093
-1.49001
-1.48908
-1.48816
-1.48723
-1.4863
-1.48538
-1.48445
-1.48352
-1.48259
-1.48167
-1.48074
-1.47981
-1.47888
-1.47795
-1.47702
-1.47609
-1.47516
-1.47423
-1.4733
-1.47237
-1.47144
-1.47051
-1.46958
-1.46864
-1.46771
-1.46678
-1.46585
-1.46491
-1.46398
-1.46305
-1.46211
-1.46118
-1.46024
-1.45931
-1.45837
-1.45744
-1.4565
-1.45557
-1.45463
-1.45369
-1.45276
-1.45182
-1.45088
-1.44995
-1.44901
-1.44807
-1.44713
-1.44619
-1.44525
-1.44432
-1.44338
-1.44244
-1.4415
-1.44056
-1.43962
-1.43868
-1.43774
-1.43679
-1.43585
-1.43491
-1.43397
-1.43303
-1.43209
-1.43114
-1.4302
-1.42926
-1.42831
-1.42737
-1.42643
-1.42548
-1.42454
-1.4236
-1.42265
-1.42171
-1.42076
-1.41982
-1.41887
-1.41792
-1.41698
-1.41603
-1.41509
-1.41414
-1.41319
-1.41225
-1.4113
-1.41035
-1.4094
-1.40846
-1.40751
-1.40656
-1.40561
-1.40466
-1.40371
-1.40276
-1.40181
-1.40087
-1.39992
-1.39897
-1.39802
-1.39707
-1.39611
-1.39516
-1.39421
-1.39326
-1.39231
-1.39136
-1.39041
-1.38945
-1.3885
-1.38755
-1.3866
-1.38565
-1.38469
-1.38374
-1.38279
-1.38183
-1.38088
-1.37992
-1.37897
-1.37802
-1.37706
-1.37611
-1.37515
-1.3742
-1.37324
-1.37229
-1.37133
-1.37038
-1.36942
-1.36846
-1.36751
-1.36655
-1.36559
-1.36464
-1.36368
-1.36272
-1.36177
-1.36081
-1.35985
-1.35889
-1.35794
-1.35698
-1.35602
-1.35506
-1.3541
-1.35314
-1.35218
-1.35123
-1.35027
-1.34931
-1.34835
-1.34739
-1.34643
-1.34547
-1.34451
-1.34355
-1.34259
-1.34163
-1.34066
-1.3397
-1.33874
-1.33778
-1.33682
-1.33586
-1.3349
-1.33393
-1.33297
-1.33201
-1.33105
-1.33009
-1.32912
-1.32816
-1.3272
-1.32623
-1.32527
-1.32431
-1.32334
-1.32238
-1.32142
-1.32045
-1.31949
-1.31852
-1.31756
-1.3166
-1.31563
-1.31467
-1.3137
-1.31274
-1.31177
-1.31081
-1.30984
-1.30888
-1.30791
-1.30694
-1.30598
-1.30501
-1.30405
-1.30308
-1.30211
-1.30115
-1.30018
-1.29921
-1.29825
-1.29728
-1.29631
-1.29535
-1.29438
-1.29341
-1.29244
-1.29148
-1.29051
-1.28954
-1.28857
-1.2876
-1.28663
-1.28567
-1.2847
-1.28373
-1.28276
-1.28179
-1.28082
-1.27985
-1.27888
-1.27792
-1.27695
-1.27598
-1.27501
-1.27404
-1.27307
-1.2721
-1.27113
-1.27016
-1.26919
-1.26822
-1.26725
-1.26628
-1.26531
-1.26433
-1.26336
-1.26239
-1.26142
-1.26045
-1.25948
-1.25851
-1.25754
-1.25657
-1.25559
-1.25462
-1.25365
-1.25268
-1.25171
-1.25073
-1.24976
-1.24879
-1.24782
-1.24685
-1.24587
-1.2449
-1.24393
-1.24295
-1.24198
-1.24101
-1.24004
-1.23906
-1.23809
-1.23712
-1.23614
-1.23517
-1.2342
-1.23322
-1.23225
-1.23127
-1.2303
-1.22933
-1.22835
-1.22738
-1.2264
-1.22543
-1.22446
-1.22348
-1.22251
-1.22153
-1.22056
-1.21958
-1.21861
-1.21763
-1.21666
-1.21568
-1.21471
-1.21373
-1.21276
-1.21178
-1.21081
-1.20983
-1.20886
-1.20788
-1.2069
-1.20593
-1.20495
-1.20398
-1.203
-1.20203
-1.20105
-1.20007
-1.1991
-1.19812
-1.19714
-1.19617
-1.19519
-1.19421
-1.19324
-1.19226
-1.19128
-1.19031
-1.18933
-1.18835
-1.18738
-1.1864
-1.18542
-1.18445
-1.18347
-1.18249
-1.18151
-1.18054
-1.17956
-1.17858
-1.1776
-1.17663
-1.17565
-1.17467
-1.17369
-1.17272
-1.17174
-1.17076
-1.16978
-1.1688
-1.16783
-1.16685
-1.16587
-1.16489
-1.16391
-1.16293
-1.16196
-1.16098
-1.16
-1.15902
-1.15804
-1.15706
-1.15608
-1.15511
-1.15413
-1.15315
-1.15217
-1.15119
-1.15021
-1.14923
-1.14825
-1.14727
-1.14629
-1.14531
-1.14434
-1.14336
-1.14238
-1.1414
-1.14042
-1.13944
-1.13846
-1.13748
-1.1365
-1.13552
-1.13454
-1.13356
-1.13258
-1.1316
-1.13062
-1.12964
-1.12866
-1.12768
-1.1267
-1.12572
-1.12474
-1.12376
-1.12278
-1.1218
-1.12082
-1.11984
-1.11886
-1.11788
-1.1169
-1.11592
-1.11494
-1.11396
-1.11298
-1.11199
-1.11101
-1.11003
-1.10905
-1.10807
-1.10709
-1.10611
-1.10513
-1.10415
-1.10317
-1.10219
-1.10121
-1.10022
-1.09924
-1.09826
-1.09728
-1.0963
-1.09532
-1.09434
-1.09336
-1.09237
-1.09139
-1.09041
-1.08943
-1.08845
-1.08747
-1.08649
-1.0855
-1.08452
-1.08354
-1.08256
-1.08158
-1.0806
-1.07961
-1.07863
-1.07765
-1.07667
-1.07569
-1.07471
-1.07372
-1.07274
-1.07176
-1.07078
-1.0698
-1.06881
-1.06783
-1.06685
-1.06587
-1.06489
-1.0639
-1.06292
-1.06194
-1.06096
-1.05997
-1.05899
-1.05801
-1.05703
-1.05604
-1.05506
-1.05408
-1.0531
-1.05212
-1.05113
-1.05015
-1.04917
-1.04818
-1.0472
-1.04622
-1.04524
-1.04425
-1.04327
-1.04229
-1.04131
-1.04032
-1.03934
-1.03836
-1.03738
-1.03639
-1.03541
-1.03443
-1.03344
-1.03246
-1.03148
-1.03049
-1.02951
-1.02853
-1.02755
-1.02656
-1.02558
-1.0246
-1.02361
-1.02263
-1.02165
-1.02066
-1.01968
-1.0187
-1.01771
-1.01673
-1.01575
-1.01476
-1.01378
-1.0128
-1.01181
-1.01083
-1.00985
-1.00886
-1.00788
-1.0069
-1.00591
-1.00493
-1.00395
-1.00296
-1.00198
-1.00099
-1.00001
-0.999027
-0.998043
-0.99706
-0.996076
-0.995092
-0.994108
-0.993125
-0.992141
-0.991157
-0.990173
-0.989189
-0.988205
-0.987221
-0.986237
-0.985253
-0.984269
-0.983285
-0.982301
-0.981317
-0.980333
-0.979349
-0.978365
-0.977381
-0.976397
-0.975413
-0.974428
-0.973444
-0.97246
-0.971476
-0.970491
-0.969507
-0.968523
-0.967538
-0.966554
-0.96557
-0.964585
-0.963601
-0.962616
-0.961632
-0.960648
-0.959663
-0.958679
-0.957694
-0.956709
-0.955725
-0.95474
-0.953756
-0.952771
-0.951786
-0.950802
-0.949817
-0.948832
-0.947847
-0.946863
-0.945878
-0.944893
-0.943908
-0.942923
-0.941939
-0.940954
-0.939969
-0.938984
-0.937999
-0.937014
-0.936029
-0.935044
-0.934059
-0.933074
-0.932089
-0.931103
-0.930118
-0.929133
-0.928148
-0.927163
-0.926178
-0.925192
-0.924207
-0.923222
-0.922236
-0.921251
-0.920266
-0.91928
-0.918295
-0.917309
-0.916324
-0.915339
-0.914353
-0.913368
-0.912382
-0.911396
-0.910411
-0.909425
-0.908439
-0.907454
-0.906468
-0.905482
-0.904497
-0.903511
-0.902525
-0.901539
-0.900553
-0.899568
-0.898582
-0.897596
-0.89661
-0.895624
-0.894638
-0.893652
-0.892666
-0.89168
-0.890693
-0.889707
-0.888721
-0.887735
-0.886749
-0.885763
-0.884776
-0.88379
-0.882804
-0.881817
-0.880831
-0.879844
-0.878858
-0.877872
-0.876885
-0.875899
-0.874912
-0.873925
-0.872939
-0.871952
-0.870965
-0.869979
-0.868992
-0.868005
-0.867018
-0.866032
-0.865045
-0.864058
-0.863071
-0.862084
-0.861097
-0.86011
-0.859123
-0.858136
-0.857149
-0.856162
-0.855174
-0.854187
-0.8532
-0.852213
-0.851225
-0.850238
-0.849251
-0.848263
-0.847276
-0.846288
-0.845301
-0.844313
-0.843326
-0.842338
-0.84135
-0.840363
-0.839375
-0.838387
-0.837399
-0.836411
-0.835423
-0.834436
-0.833448
-0.83246
-0.831472
-0.830483
-0.829495
-0.828507
-0.827519
-0.826531
-0.825543
-0.824554
-0.823566
-0.822577
-0.821589
-0.820601
-0.819612
-0.818624
-0.817635
-0.816646
-0.815658
-0.814669
-0.81368
-0.812691
-0.811702
-0.810714
-0.809725
-0.808736
-0.807747
-0.806758
-0.805768
-0.804779
-0.80379
-0.802801
-0.801812
-0.800822
-0.799833
-0.798843
-0.797854
-0.796864
-0.795875
-0.794885
-0.793895
-0.792906
-0.791916
-0.790926
-0.789936
-0.788946
-0.787956
-0.786966
-0.785976
-0.784986
-0.783996
-0.783006
-0.782016
-0.781025
-0.780035
-0.779044
-0.778054
-0.777063
-0.776073
-0.775082
-0.774091
-0.773101
-0.77211
-0.771119
-0.770128
-0.769137
-0.768146
-0.767155
-0.766164
-0.765173
-0.764181
-0.76319
-0.762199
-0.761207
-0.760216
-0.759224
-0.758232
-0.757241
-0.756249
-0.755257
-0.754265
-0.753273
-0.752282
-0.751289
-0.750297
-0.749305
-0.748313
-0.747321
-0.746328
-0.745336
-0.744343
-0.743351
-0.742358
-0.741365
-0.740373
-0.73938
-0.738387
-0.737394
-0.736401
-0.735408
-0.734415
-0.733422
-0.732428
-0.731435
-0.730441
-0.729448
-0.728454
-0.727461
-0.726467
-0.725473
-0.724479
-0.723485
-0.722491
-0.721497
-0.720503
-0.719509
-0.718515
-0.71752
-0.716526
-0.715531
-0.714537
-0.713542
-0.712547
-0.711552
-0.710557
-0.709562
-0.708567
-0.707572
-0.706577
-0.705581
-0.704586
-0.703591
-0.702595
-0.701599
-0.700604
-0.699608
-0.698612
-0.697616
-0.69662
-0.695624
-0.694627
-0.693631
-0.692635
-0.691638
-0.690642
-0.689645
-0.688648
-0.687651
-0.686654
-0.685657
-0.68466
-0.683663
-0.682666
-0.681668
-0.680671
-0.679673
-0.678676
-0.677678
-0.67668
-0.675682
-0.674684
-0.673686
-0.672688
-0.671689
-0.670691
-0.669692
-0.668694
-0.667695
-0.666696
-0.665697
-0.664698
-0.663699
-0.6627
-0.661701
-0.660701
-0.659702
-0.658702
-0.657702
-0.656703
-0.655703
-0.654703
-0.653702
-0.652702
-0.651702
-0.650701
-0.649701
-0.6487
-0.647699
-0.646699
-0.645698
-0.644696
-0.643695
-0.642694
-0.641692
-0.640691
-0.639689
-0.638687
-0.637685
-0.636683
-0.635681
-0.634679
-0.633677
-0.632674
-0.631672
-0.630669
-0.629666
-0.628663
-0.62766
-0.626657
-0.625654
-0.62465
-0.623647
-0.622643
-0.621639
-0.620635
-0.619631
-0.618627
-0.617623
-0.616618
-0.615614
-0.614609
-0.613604
-0.6126
-0.611595
-0.610589
-0.609584
-0.608579
-0.607573
-0.606567
-0.605562
-0.604556
-0.603549
-0.602543
-0.601537
-0.60053
-0.599524
-0.598517
-0.59751
-0.596503
-0.595496
-0.594489
-0.593481
-0.592473
-0.591466
-0.590458
-0.58945
-0.588442
-0.587433
-0.586425
-0.585416
-0.584408
-0.583399
-0.58239
-0.58138
-0.580371
-0.579362
-0.578352
-0.577342
-0.576332
-0.575322
-0.574312
-0.573302
-0.572291
-0.571281
-0.57027
-0.569259
-0.568248
-0.567236
-0.566225
-0.565213
-0.564201
-0.563189
-0.562177
-0.561165
-0.560153
-0.55914
-0.558127
-0.557114
-0.556101
-0.555088
-0.554075
-0.553061
-0.552048
-0.551034
-0.55002
-0.549005
-0.547991
-0.546976
-0.545962
-0.544947
-0.543932
-0.542916
-0.541901
-0.540885
-0.53987
-0.538854
-0.537838
-0.536821
-0.535805
-0.534788
-0.533771
-0.532754
-0.531737
-0.53072
-0.529702
-0.528684
-0.527666
-0.526648
-0.52563
-0.524611
-0.523593
-0.522574
-0.521555
-0.520536
-0.519516
-0.518497
-0.517477
-0.516457
-0.515437
-0.514416
-0.513396
-0.512375
-0.511354
-0.510333
-0.509311
-0.50829
-0.507268
-0.506246
-0.505224
-0.504202
-0.503179
-0.502156
-0.501133
-0.50011
-0.499087
-0.498063
-0.497039
-0.496015
-0.494991
-0.493967
-0.492942
-0.491917
-0.490892
-0.489867
-0.488841
-0.487816
-0.48679
-0.485763
-0.484737
-0.483711
-0.482684
-0.481657
-0.48063
-0.479602
-0.478574
-0.477547
-0.476518
-0.47549
-0.474461
-0.473433
-0.472404
-0.471374
-0.470345
-0.469315
-0.468285
-0.467255
-0.466225
-0.465194
-0.464163
-0.463132
-0.462101
-0.461069
-0.460037
-0.459005
-0.457973
-0.45694
-0.455908
-0.454875
-0.453841
-0.452808
-0.451774
-0.45074
-0.449706
-0.448671
-0.447636
-0.446601
-0.445566
-0.444531
-0.443495
-0.442459
-0.441423
-0.440386
-0.439349
-0.438312
-0.437275
-0.436237
-0.4352
-0.434162
-0.433123
-0.432085
-0.431046
-0.430007
-0.428967
-0.427928
-0.426888
-0.425847
-0.424807
-0.423766
-0.422725
-0.421684
-0.420642
-0.419601
-0.418558
-0.417516
-0.416473
-0.41543
-0.414387
-0.413344
-0.4123
-0.411256
-0.410211
-0.409167
-0.408122
-0.407077
-0.406031
-0.404985
-0.403939
-0.402893
-0.401846
-0.400799
-0.399752
-0.398704
-0.397656
-0.396608
-0.39556
-0.394511
-0.393462
-0.392413
-0.391363
-0.390313
-0.389263
-0.388212
-0.387161
-0.38611
-0.385059
-0.384007
-0.382955
-0.381902
-0.380849
-0.379796
-0.378743
-0.377689
-0.376635
-0.375581
-0.374526
-0.373471
-0.372416
-0.37136
-0.370304
-0.369248
-0.368191
-0.367135
-0.366077
-0.36502
-0.363962
-0.362903
-0.361845
-0.360786
-0.359727
-0.358667
-0.357607
-0.356547
-0.355486
-0.354425
-0.353364
-0.352302
-0.35124
-0.350178
-0.349115
-0.348052
-0.346988
-0.345925
-0.344861
-0.343796
-0.342731
-0.341666
-0.3406
-0.339535
-0.338468
-0.337402
-0.336335
-0.335267
-0.334199
-0.333131
-0.332063
-0.330994
-0.329925
-0.328855
-0.327785
-0.326715
-0.325644
-0.324573
-0.323502
-0.32243
-0.321357
-0.320285
-0.319212
-0.318138
-0.317065
-0.315991
-0.314916
-0.313841
-0.312766
-0.31169
-0.310614
-0.309537
-0.30846
-0.307383
-0.306305
-0.305227
-0.304149
-0.30307
-0.30199
-0.300911
-0.29983
-0.29875
-0.297669
-0.296587
-0.295506
-0.294423
-0.293341
-0.292258
-0.291174
-0.29009
-0.289006
-0.287921
-0.286836
-0.28575
-0.284664
-0.283578
-0.282491
-0.281404
-0.280316
-0.279228
-0.278139
-0.27705
-0.275961
-0.274871
-0.27378
-0.272689
-0.271598
-0.270506
-0.269414
-0.268321
-0.267228
-0.266135
-0.265041
-0.263946
-0.262851
-0.261756
-0.26066
-0.259564
-0.258467
-0.25737
-0.256272
-0.255174
-0.254075
-0.252976
-0.251877
-0.250777
-0.249676
-0.248575
-0.247473
-0.246371
-0.245269
-0.244166
-0.243063
-0.241959
-0.240854
-0.239749
-0.238644
-0.237538
-0.236432
-0.235325
-0.234217
-0.233109
-0.232001
-0.230892
-0.229783
-0.228673
-0.227562
-0.226451
-0.22534
-0.224228
-0.223115
-0.222002
-0.220889
-0.219775
-0.21866
-0.217545
-0.21643
-0.215313
-0.214197
-0.213079
-0.211962
-0.210843
-0.209725
-0.208605
-0.207485
-0.206365
-0.205244
-0.204122
-0.203
-0.201878
-0.200754
-0.199631
-0.198506
-0.197381
-0.196256
-0.19513
-0.194003
-0.192876
-0.191749
-0.19062
-0.189492
-0.188362
-0.187232
-0.186102
-0.18497
-0.183839
-0.182706
-0.181574
-0.18044
-0.179306
-0.178171
-0.177036
-0.1759
-0.174764
-0.173627
-0.172489
-0.171351
-0.170212
-0.169073
-0.167933
-0.166792
-0.165651
-0.164509
-0.163367
-0.162223
-0.16108
-0.159935
-0.15879
-0.157645
-0.156499
-0.155352
-0.154204
-0.153056
-0.151907
-0.150758
-0.149608
-0.148457
-0.147306
-0.146154
-0.145001
-0.143848
-0.142694
-0.141539
-0.140384
-0.139228
-0.138072
-0.136914
-0.135757
-0.134598
-0.133439
-0.132279
-0.131118
-0.129957
-0.128795
-0.127632
-0.126469
-0.125305
-0.12414
-0.122975
-0.121809
-0.120642
-0.119475
-0.118306
-0.117138
-0.115968
-0.114798
-0.113627
-0.112455
-0.111283
-0.110109
-0.108936
-0.107761
-0.106586
-0.10541
-0.104233
-0.103055
-0.101877
-0.100698
-0.0995185
-0.0983381
-0.0971569
-0.0959749
-0.0947922
-0.0936088
-0.0924246
-0.0912397
-0.090054
-0.0888675
-0.0876803
-0.0864923
-0.0853035
-0.084114
-0.0829237
-0.0817326
-0.0805407
-0.0793481
-0.0781547
-0.0769604
-0.0757654
-0.0745696
-0.073373
-0.0721757
-0.0709775
-0.0697785
-0.0685787
-0.0673781
-0.0661767
-0.0649744
-0.0637714
-0.0625675
-0.0613628
-0.0601573
-0.058951
-0.0577438
-0.0565358
-0.055327
-0.0541173
-0.0529068
-0.0516954
-0.0504832
-0.0492701
-0.0480562
-0.0468415
-0.0456258
-0.0444094
-0.043192
-0.0419738
-0.0407547
-0.0395347
-0.0383139
-0.0370922
-0.0358696
-0.0346461
-0.0334218
-0.0321965
-0.0309704
-0.0297433
-0.0285154
-0.0272865
-0.0260568
-0.0248261
-0.0235945
-0.022362
-0.0211286
-0.0198943
-0.018659
-0.0174229
-0.0161857
-0.0149477
-0.0137087
-0.0124688
-0.0112279
-0.00998611
-0.00874335
-0.00749964
-0.00625497
-0.00500934
-0.00376275
-0.00251519
-0.00126666
-1.71626e-05
0.00123331
0.00248477
0.0037372
0.00499063
0.00624504
0.00750044
0.00875684
0.0100142
0.0112726
0.012532
0.0137925
0.0150539
0.0163163
0.0175798
0.0188443
0.0201098
0.0213764
0.0226439
0.0239126
0.0251822
0.0264529
0.0277247
0.0289975
0.0302714
0.0315463
0.0328223
0.0340993
0.0353774
0.0366566
0.0379369
0.0392183
0.0405007
0.0417842
0.0430688
0.0443546
0.0456414
0.0469293
0.0482183
0.0495085
0.0507997
0.0520921
0.0533856
0.0546802
0.055976
0.0572729
0.0585709
0.0598701
0.0611704
0.0624719
0.0637745
0.0650783
0.0663833
0.0676894
0.0689967
0.0703051
0.0716148
0.0729256
0.0742376
0.0755508
0.0768652
0.0781808
0.0794977
0.0808157
0.0821349
0.0834554
0.084777
0.0860999
0.0874241
0.0887494
0.090076
0.0914039
0.092733
0.0940633
0.0953949
0.0967278
0.0980619
0.0993973
0.100734
0.102072
0.103411
0.104752
0.106094
0.107437
0.108781
0.110127
0.111474
0.112822
0.114172
0.115523
0.116875
0.118229
0.119584
0.12094
0.122298
0.123657
0.125017
0.126379
0.127742
0.129107
0.130473
0.13184
0.133209
0.134579
0.13595
0.137323
0.138698
0.140073
0.14145
0.142829
0.144209
0.14559
0.146973
0.148358
0.149743
0.151131
0.152519
0.153909
0.155301
0.156694
0.158089
0.159485
0.160882
0.162281
0.163682
0.165084
0.166488
0.167893
0.169299
0.170708
0.172117
0.173529
0.174941
0.176356
0.177772
0.179189
0.180608
0.182029
0.183451
0.184875
0.1863
0.187727
0.189156
0.190586
0.192018
0.193452
0.194887
0.196324
0.197762
0.199202
0.200644
0.202087
0.203532
0.204979
0.206428
0.207878
0.20933
0.210783
0.212238
0.213695
0.215154
0.216614
0.218077
0.21954
0.221006
0.222473
0.223943
0.225414
0.226886
0.228361
0.229837
0.231315
0.232795
0.234277
0.23576
0.237245
0.238733
0.240222
0.241712
0.243205
0.2447
0.246196
0.247694
0.249195
0.250697
0.252201
0.253707
0.255214
0.256724
0.258236
0.259749
0.261265
0.262782
0.264302
0.265823
0.267346
0.268872
0.270399
0.271928
0.27346
0.274993
0.276528
0.278066
0.279605
0.281147
0.28269
0.284236
0.285783
0.287333
0.288885
0.290439
0.291995
0.293553
0.295113
0.296675
0.29824
0.299806
0.301375
0.302946
0.304519
0.306095
0.307672
0.309252
0.310834
0.312418
0.314004
0.315593
0.317183
0.318776
0.320372
0.321969
0.323569
0.325171
0.326776
0.328383
0.329992
0.331603
0.333217
0.334833
0.336451
0.338072
0.339695
0.341321
0.342949
0.344579
0.346212
0.347847
0.349485
0.351125
0.352767
0.354412
0.35606
0.35771
0.359362
0.361017
0.362675
0.364335
0.365997
0.367662
0.36933
0.371
0.372673
0.374348
0.376027
0.377707
0.37939
0.381076
0.382765
0.384456
0.38615
0.387846
0.389546
0.391248
0.392952
0.39466
0.39637
0.398083
0.399798
0.401517
0.403238
0.404962
0.406689
0.408419
0.410151
0.411887
0.413625
0.415366
0.41711
0.418857
0.420607
0.422359
0.424115
0.425874
0.427635
0.4294
0.431167
0.432938
0.434712
0.436488
0.438268
0.440051
0.441836
0.443625
0.445417
0.447212
0.449011
0.450812
0.452617
0.454424
0.456235
0.458049
0.459867
0.461687
0.463511
0.465338
0.467168
0.469002
0.470839
0.472679
0.474522
0.476369
0.47822
0.480073
0.48193
0.483791
0.485655
0.487522
0.489393
0.491267
0.493145
0.495026
0.496911
0.498799
0.500691
0.502586
0.504485
0.506388
0.508294
0.510204
0.512118
0.514035
0.515956
0.51788
0.519809
0.521741
0.523677
0.525616
0.52756
0.529507
0.531458
0.533413
0.535372
0.537334
0.539301
0.541271
0.543246
0.545224
0.547207
0.549193
0.551184
0.553178
0.555177
0.557179
0.559186
0.561197
0.563212
0.565231
0.567254
0.569282
0.571313
0.573349
0.57539
0.577434
0.579483
0.581536
0.583594
0.585656
0.587722
0.589792
0.591868
0.593947
0.596031
0.59812
0.600213
0.60231
0.604413
0.606519
0.608631
0.610747
0.612868
0.614993
0.617123
0.619258
0.621398
0.623542
0.625691
0.627845
0.630004
0.632168
0.634336
0.63651
0.638688
0.640872
0.64306
0.645254
0.647453
0.649656
0.651865
0.654079
0.656298
0.658522
0.660752
0.662987
0.665227
0.667472
0.669723
0.671979
0.67424
0.676507
0.678779
0.681057
0.68334
0.685629
0.687923
0.690223
0.692528
0.694839
0.697156
0.699479
0.701807
0.704141
0.706481
0.708826
0.711178
0.713535
0.715898
0.718268
0.720643
0.723024
0.725411
0.727805
0.730204
0.73261
0.735022
0.73744
0.739864
0.742294
0.744731
0.747174
0.749624
0.75208
0.754542
0.757011
0.759487
0.761969
0.764457
0.766953
0.769455
0.771963
0.774479
0.777001
0.77953
0.782066
0.784608
0.787158
0.789715
0.792278
0.794849
0.797427
0.800012
0.802604
0.805203
0.807809
0.810423
0.813044
0.815673
0.818309
0.820952
0.823603
0.826261
0.828927
0.831601
0.834282
0.836971
0.839668
0.842372
0.845085
0.847805
0.850533
0.853269
0.856013
0.858766
0.861526
0.864295
0.867071
0.869856
0.872649
0.875451
0.878261
0.881079
0.883906
0.886742
0.889586
0.892438
0.8953
0.89817
0.901048
0.903936
0.906833
0.909738
0.912653
0.915576
0.918509
0.92145
0.924401
0.927361
0.930331
0.93331
0.936298
0.939296
0.942303
0.945319
0.948346
0.951382
0.954428
0.957483
0.960548
0.963624
0.966709
0.969804
0.97291
0.976025
0.979151
0.982286
0.985433
0.988589
0.991756
0.994933
0.998121
1.00132
1.00453
1.00775
1.01098
1.01422
1.01747
1.02074
1.02401
1.0273
1.03059
1.0339
1.03722
1.04055
1.04389
1.04724
1.05061
1.05399
1.05737
1.06077
1.06418
1.06761
1.07104
1.07449
1.07795
1.08142
1.0849
1.0884
1.09191
1.09543
1.09896
1.1025
1.10606
1.10963
1.11321
1.11681
1.12042
1.12404
1.12767
1.13132
1.13498
1.13865
1.14234
1.14604
1.14975
1.15348
1.15722
1.16097
1.16474
1.16852
1.17231
1.17612
1.17994
1.18378
1.18762
1.19149
1.19536
1.19926
1.20316
1.20708
1.21101
1.21496
1.21893
1.2229
1.22689
1.2309
1.23492
1.23896
1.24301
1.24707
1.25115
1.25524
1.25935
1.26348
1.26761
1.27177
1.27594
1.28012
1.28432
1.28853
1.29276
1.29701
1.30127
1.30554
1.30983
1.31414
1.31846
1.3228
1.32715
1.33151
1.3359
1.34029
1.34471
1.34914
1.35358
1.35804
1.36251
1.367
1.37151
1.37603
1.38056
1.38512
1.38968
1.39426
1.39886
1.40347
1.4081
1.41274
1.4174
1.42207
1.42676
1.43146
1.43618
1.44091
1.44565
1.45041
1.45519
1.45997
1.46478
1.46959
1.47442
1.47927
1.48413
1.489
1.49388
1.49878
1.50369
1.50861
1.51355
1.51849
1.52345
1.52843
1.53341
1.5384
1.54341
1.54843
1.55345
1.55849
1.56354
1.56859
1.57366
1.57874
1.58382
1.58891
1.59401
1.59912
1.60423
1.60935
1.61448
1.61962
1.62475
1.6299
1.63504
1.6402
1.64535
1.65051
1.65567
1.66083
1.66599
1.67115
1.67631
1.68147
1.68663
1.69178
1.69694
1.70208
1.70723
1.71237
1.7175
1.72262
1.72774
1.73285
1.73794
1.74303
1.74811
1.75317
1.75822
1.76325
1.76827
1.77327
1.77825
1.78321
1.78816
1.79308
1.79798
1.80285
1.80771
1.81253
1.81733
1.82209
1.82683
1.83154
1.83621
1.84085
1.84545
1.85002
1.85454
1.85903
1.86348
1.86788
1.87224
1.87655
1.88081
1.88503
1.88919
1.8933
1.89736
1.90136
1.90531
1.90919
1.91302
1.91678
1.92049
1.92412
1.92769
1.93119
1.93462
1.93798
1.94127
1.94448
1.94761
1.95067
1.95365
1.95655
1.95936
1.96209
1.96474
1.9673
1.96977
1.97216
1.97445
1.97665
1.97876
1.98078
1.9827
1.98452
1.98625
1.98788
1.9894
1.99083
1.99216
1.99339
1.99451
1.99553
1.99645
1.99726
1.99797
1.99857
1.99907
1.99946
1.99975
1.99993
2
1.99996
1.99982
1.99958
1.99923
1.99877
1.9982
1.99754
1.99676
1.99588
1.9949
1.99382
1.99263
1.99134
1.98995
1.98845
1.98686
1.98517
1.98338
1.9815
1.97952
1.97745
1.97528
1.97302
1.97067
1.96823
1.9657
1.96309
1.96038
1.9576
1.95473
1.95178
1.94876
1.94565
1.94247
1.93921
1.93587
1.93247
1.929
1.92545
1.92184
1.91816
1.91442
1.91062
1.90675
1.90283
1.89885
1.89481
1.89072
1.88658
1.88238
1.87813
1.87384
1.8695
1.86511
1.86068
1.85621
1.8517
1.84715
1.84256
1.83793
1.83327
1.82858
1.82385
1.8191
1.81431
1.8095
1.80466
1.79979
1.7949
1.78998
1.78505
1.78009
1.77512
1.77012
1.76511
1.76008
1.75504
1.74998
1.74491
1.73983
1.73474
1.72963
1.72452
1.7194
1.71427
1.70913
1.70399
1.69884
1.69369
1.68854
1.68338
1.67822
1.67306
1.6679
1.66274
1.65758
1.65242
1.64726
1.64211
1.63695
1.6318
1.62666
1.62152
1.61638
1.61125
1.60613
1.60101
1.5959
1.5908
1.58571
1.58062
1.57554
1.57047
1.56541
1.56036
1.55532
1.55029
1.54527
1.54026
1.53526
1.53027
1.5253
1.52033
1.51538
1.51044
1.50551
1.5006
1.49569
1.49081
1.48593
1.48107
1.47622
1.47138
1.46656
1.46175
1.45696
1.45218
1.44741
1.44266
1.43793
1.43321
1.4285
1.42381
1.41913
1.41447
1.40982
1.40519
1.40057
1.39597
1.39138
1.38681
1.38225
1.37771
1.37318
1.36867
1.36418
1.3597
1.35523
1.35078
1.34635
1.34193
1.33752
1.33314
1.32876
1.32441
1.32006
1.31574
1.31143
1.30713
1.30285
1.29859
1.29434
1.2901
1.28588
1.28168
1.27749
1.27331
1.26915
1.26501
1.26088
1.25676
1.25266
1.24858
1.24451
1.24045
1.23641
1.23239
1.22838
1.22438
1.2204
1.21643
1.21248
1.20854
1.20461
1.2007
1.19681
1.19292
1.18905
1.1852
1.18136
1.17753
1.17372
1.16992
1.16614
1.16236
1.15861
1.15486
1.15113
1.14741
1.14371
1.14002
1.13634
1.13267
1.12902
1.12538
1.12176
1.11815
1.11455
1.11096
1.10738
1.10382
1.10027
1.09673
1.09321
1.0897
1.0862
1.08271
1.07923
1.07577
1.07232
1.06888
1.06545
1.06204
1.05863
1.05524
1.05186
1.04849
1.04513
1.04179
1.03845
1.03513
1.03182
1.02852
1.02523
1.02195
1.01868
1.01543
1.01218
1.00894
1.00572
1.00251
0.999306
0.996114
0.992932
0.989762
0.986601
0.983451
0.980312
0.977182
0.974063
0.970954
0.967855
0.964766
0.961687
0.958618
0.955559
0.952509
0.94947
0.94644
0.94342
0.940409
0.937408
0.934416
0.931434
0.928461
0.925497
0.922543
0.919598
0.916662
0.913735
0.910817
0.907908
0.905009
0.902118
0.899236
0.896362
0.893498
0.890642
0.887795
0.884956
0.882126
0.879304
0.876491
0.873687
0.87089
0.868102
0.865323
0.862551
0.859788
0.857033
0.854285
0.851546
0.848815
0.846092
0.843377
0.840669
0.83797
0.835278
0.832594
0.829917
0.827249
0.824587
0.821934
0.819288
0.816649
0.814018
0.811394
0.808777
0.806168
0.803566
0.800971
0.798384
0.795803
0.79323
0.790664
0.788105
0.785552
0.783007
0.780469
0.777937
0.775413
0.772895
0.770384
0.767879
0.765381
0.76289
0.760406
0.757928
0.755457
0.752992
0.750533
0.748081
0.745636
0.743197
0.740764
0.738337
0.735917
0.733503
0.731095
0.728693
0.726298
0.723908
0.721525
0.719147
0.716776
0.71441
0.712051
0.709697
0.707349
0.705007
0.702671
0.700341
0.698016
0.695697
0.693384
0.691077
0.688775
0.686478
0.684188
0.681902
0.679623
0.677348
0.67508
0.672816
0.670558
0.668306
0.666058
0.663816
0.66158
0.659348
0.657122
0.654901
0.652685
0.650474
0.648269
0.646068
0.643873
0.641682
0.639497
0.637317
0.635141
0.632971
0.630805
0.628645
0.626489
0.624338
0.622192
0.62005
0.617914
0.615782
0.613655
0.611532
0.609415
0.607301
0.605193
0.603089
0.60099
0.598895
0.596805
0.594719
0.592638
0.590561
0.588489
0.586421
0.584357
0.582298
0.580243
0.578193
0.576147
0.574105
0.572067
0.570034
0.568005
0.56598
0.563959
0.561943
0.559931
0.557922
0.555918
0.553918
0.551922
0.54993
0.547942
0.545959
0.543979
0.542003
0.540031
0.538063
0.536099
0.534138
0.532182
0.530229
0.528281
0.526336
0.524395
0.522458
0.520524
0.518594
0.516668
0.514746
0.512828
0.510913
0.509001
0.507094
0.50519
0.50329
0.501393
0.4995
0.49761
0.495724
0.493841
0.491962
0.490087
0.488215
0.486346
0.484481
0.482619
0.480761
0.478906
0.477055
0.475207
0.473362
0.47152
0.469682
0.467847
0.466016
0.464188
0.462363
0.460541
0.458722
0.456907
0.455095
0.453286
0.45148
0.449678
0.447878
0.446082
0.444289
0.442499
0.440712
0.438928
0.437147
0.43537
0.433595
0.431823
0.430055
0.428289
0.426526
0.424766
0.42301
0.421256
0.419505
0.417757
0.416012
0.41427
0.41253
0.410794
0.40906
0.40733
0.405602
0.403877
0.402155
0.400435
0.398718
0.397004
0.395293
0.393585
0.391879
0.390176
0.388476
0.386778
0.385083
0.383391
0.381702
0.380015
0.378331
0.376649
0.37497
0.373294
0.37162
0.369949
0.36828
0.366614
0.364951
0.36329
0.361631
0.359975
0.358322
0.356671
0.355023
0.353377
0.351733
0.350092
0.348454
0.346818
0.345184
0.343553
0.341924
0.340297
0.338673
0.337052
0.335432
0.333815
0.332201
0.330589
0.328979
0.327371
0.325766
0.324163
0.322562
0.320964
0.319367
0.317774
0.316182
0.314593
0.313005
0.31142
0.309838
0.308257
0.306679
0.305103
0.303529
0.301957
0.300388
0.29882
0.297255
0.295692
0.294131
0.292572
0.291015
0.28946
0.287908
0.286357
0.284809
0.283263
0.281718
0.280176
0.278636
0.277098
0.275562
0.274028
0.272496
0.270966
0.269437
0.267911
0.266387
0.264865
0.263345
0.261827
0.260311
0.258796
0.257284
0.255774
0.254265
0.252759
0.251254
0.249751
0.24825
0.246751
0.245254
0.243759
0.242265
0.240774
0.239284
0.237796
0.23631
0.234826
0.233344
0.231863
0.230385
0.228908
0.227433
0.225959
0.224488
0.223018
0.22155
0.220083
0.218619
0.217156
0.215695
0.214236
0.212778
0.211322
0.209868
0.208416
0.206965
0.205516
0.204068
0.202623
0.201179
0.199736
0.198296
0.196857
0.195419
0.193983
0.192549
0.191117
0.189686
0.188257
0.186829
0.185403
0.183979
0.182556
0.181135
0.179715
0.178297
0.17688
0.175465
0.174052
0.17264
0.17123
0.169821
0.168414
0.167008
0.165604
0.164201
0.1628
0.161401
0.160002
0.158606
0.157211
0.155817
0.154425
0.153034
0.151645
0.150257
0.148871
0.147486
0.146103
0.144721
0.14334
0.141961
0.140584
0.139207
0.137832
0.136459
0.135087
0.133716
0.132347
0.130979
0.129613
0.128248
0.126884
0.125522
0.124161
0.122802
0.121443
0.120086
0.118731
0.117377
0.116024
0.114672
0.113322
0.111973
0.110626
0.10928
0.107935
0.106591
0.105249
0.103908
0.102568
0.10123
0.0998926
0.0985567
0.0972221
0.0958888
0.0945567
0.0932259
0.0918963
0.090568
0.0892409
0.0879151
0.0865905
0.0852672
0.083945
0.0826241
0.0813045
0.079986
0.0786687
0.0773527
0.0760378
0.0747242
0.0734117
0.0721005
0.0707904
0.0694815
0.0681737
0.0668672
0.0655618
0.0642576
0.0629545
0.0616526
0.0603519
0.0590523
0.0577538
0.0564565
0.0551603
0.0538653
0.0525714
0.0512786
0.0499869
0.0486963
0.0474069
0.0461186
0.0448313
0.0435452
0.0422602
0.0409763
0.0396934
0.0384117
0.037131
0.0358514
0.0345729
0.0332954
0.0320191
0.0307437
0.0294695
0.0281963
0.0269241
0.0256531
0.024383
0.023114
0.021846
0.0205791
0.0193132
0.0180483
0.0167845
0.0155217
0.0142599
0.0129991
0.0117393
0.0104805
0.00922273
0.00796596
0.00671019
0.00545541
0.00420162
0.00294882
0.001697
0.000446167
-0.000803693
-0.00205258
-0.0033005
-0.00454745
-0.00579343
-0.00703846
-0.00828252
-0.00952564
-0.0107678
-0.012009
-0.0132493
-0.0144886
-0.015727
-0.0169645
-0.018201
-0.0194366
-0.0206713
-0.021905
-0.0231378
-0.0243698
-0.0256008
-0.0268309
-0.02806
-0.0292883
-0.0305157
-0.0317422
-0.0329678
-0.0341925
-0.0354163
-0.0366392
-0.0378612
-0.0390824
-0.0403027
-0.0415221
-0.0427406
-0.0439583
-0.0451751
-0.046391
-0.0476061
-0.0488203
-0.0500337
-0.0512462
-0.0524579
-0.0536687
-0.0548787
-0.0560879
-0.0572962
-0.0585037
-0.0597103
-0.0609161
-0.0621211
-0.0633253
-0.0645287
-0.0657312
-0.0669329
-0.0681338
-0.0693339
-0.0705332
-0.0717317
-0.0729294
-0.0741263
-0.0753224
-0.0765177
-0.0777122
-0.0789059
-0.0800988
-0.081291
-0.0824823
-0.0836729
-0.0848628
-0.0860518
-0.0872401
-0.0884276
-0.0896143
-0.0908003
-0.0919856
-0.09317
-0.0943537
-0.0955367
-0.0967189
-0.0979004
-0.0990811
-0.100261
-0.10144
-0.102619
-0.103797
-0.104974
-0.10615
-0.107325
-0.1085
-0.109674
-0.110848
-0.112021
-0.113193
-0.114364
-0.115534
-0.116704
-0.117873
-0.119042
-0.12021
-0.121377
-0.122543
-0.123709
-0.124873
-0.126038
-0.127201
-0.128364
-0.129526
-0.130688
-0.131849
-0.133009
-0.134168
-0.135327
-0.136485
-0.137643
-0.1388
-0.139956
-0.141111
-0.142266
-0.14342
-0.144574
-0.145727
-0.146879
-0.148031
-0.149181
-0.150332
-0.151481
-0.15263
-0.153779
-0.154926
-0.156074
-0.15722
-0.158366
-0.159511
-0.160656
-0.1618
-0.162943
-0.164086
-0.165228
-0.166369
-0.16751
-0.16865
-0.16979
-0.170929
-0.172068
-0.173205
-0.174343
-0.175479
-0.176615
-0.177751
-0.178886
-0.18002
-0.181154
-0.182287
-0.183419
-0.184551
-0.185682
-0.186813
-0.187943
-0.189073
-0.190202
-0.191331
-0.192458
-0.193586
-0.194713
-0.195839
-0.196964
-0.198089
-0.199214
-0.200338
-0.201461
-0.202584
-0.203706
-0.204828
-0.205949
-0.20707
-0.20819
-0.20931
-0.210429
-0.211547
-0.212665
-0.213783
-0.2149
-0.216016
-0.217132
-0.218247
-0.219362
-0.220476
-0.22159
-0.222703
-0.223816
-0.224928
-0.22604
-0.227151
-0.228261
-0.229371
-0.230481
-0.23159
-0.232699
-0.233807
-0.234914
-0.236021
-0.237128
-0.238234
-0.23934
-0.240445
-0.241549
-0.242654
-0.243757
-0.24486
-0.245963
-0.247065
-0.248167
-0.249268
-0.250369
-0.251469
-0.252569
-0.253668
-0.254767
-0.255865
-0.256963
-0.25806
-0.259157
-0.260254
-0.26135
-0.262445
-0.263541
-0.264635
-0.265729
-0.266823
-0.267916
-0.269009
-0.270102
-0.271193
-0.272285
-0.273376
-0.274466
-0.275557
-0.276646
-0.277736
-0.278824
-0.279913
-0.281001
-0.282088
-0.283175
-0.284262
-0.285348
-0.286434
-0.287519
-0.288604
-0.289688
-0.290773
-0.291856
-0.292939
-0.294022
-0.295105
-0.296187
-0.297268
-0.298349
-0.29943
-0.30051
-0.30159
-0.30267
-0.303749
-0.304827
-0.305906
-0.306984
-0.308061
-0.309138
-0.310215
-0.311291
-0.312367
-0.313443
-0.314518
-0.315592
-0.316667
-0.317741
-0.318814
-0.319887
-0.32096
-0.322032
-0.323104
-0.324176
-0.325247
-0.326318
-0.327389
-0.328459
-0.329528
-0.330598
-0.331667
-0.332735
-0.333804
-0.334872
-0.335939
-0.337006
-0.338073
-0.339139
-0.340205
-0.341271
-0.342336
-0.343401
-0.344466
-0.34553
-0.346594
-0.347658
-0.348721
-0.349784
-0.350846
-0.351908
-0.35297
-0.354032
-0.355093
-0.356154
-0.357214
-0.358274
-0.359334
-0.360393
-0.361452
-0.362511
-0.36357
-0.364628
-0.365685
-0.366743
-0.3678
-0.368857
-0.369913
-0.370969
-0.372025
-0.37308
-0.374135
-0.37519
-0.376245
-0.377299
-0.378353
-0.379406
-0.380459
-0.381512
-0.382565
-0.383617
-0.384669
-0.38572
-0.386772
-0.387823
-0.388873
-0.389924
-0.390974
-0.392024
-0.393073
-0.394122
-0.395171
-0.39622
-0.397268
-0.398316
-0.399364
-0.400411
-0.401458
-0.402505
-0.403551
-0.404598
-0.405644
-0.406689
-0.407734
-0.40878
-0.409824
-0.410869
-0.411913
-0.412957
-0.414
-0.415044
-0.416087
-0.41713
-0.418172
-0.419214
-0.420256
-0.421298
-0.422339
-0.42338
-0.424421
-0.425462
-0.426502
-0.427542
-0.428582
-0.429621
-0.430661
-0.4317
-0.432738
-0.433777
-0.434815
-0.435853
-0.436891
-0.437928
-0.438965
-0.440002
-0.441039
-0.442075
-0.443111
-0.444147
-0.445182
-0.446218
-0.447253
-0.448288
-0.449322
-0.450357
-0.451391
-0.452425
-0.453458
-0.454492
-0.455525
-0.456558
-0.45759
-0.458623
-0.459655
-0.460687
-0.461718
-0.46275
-0.463781
-0.464812
-0.465843
-0.466873
-0.467903
-0.468934
-0.469963
-0.470993
-0.472022
-0.473051
-0.47408
-0.475109
-0.476137
-0.477166
-0.478193
-0.479221
-0.480249
-0.481276
-0.482303
-0.48333
-0.484357
-0.485383
-0.486409
-0.487435
-0.488461
-0.489487
-0.490512
-0.491537
-0.492562
-0.493587
-0.494611
-0.495636
-0.49666
-0.497684
-0.498707
-0.499731
-0.500754
-0.501777
-0.5028
-0.503823
-0.504845
-0.505867
-0.506889
-0.507911
-0.508933
-0.509954
-0.510975
-0.511997
-0.513017
-0.514038
-0.515058
-0.516079
-0.517099
-0.518119
-0.519138
-0.520158
-0.521177
-0.522196
-0.523215
-0.524234
-0.525253
-0.526271
-0.527289
-0.528307
-0.529325
-0.530343
-0.53136
-0.532377
-0.533394
-0.534411
-0.535428
-0.536445
-0.537461
-0.538477
-0.539493
-0.540509
-0.541525
-0.54254
-0.543555
-0.544571
-0.545586
-0.5466
-0.547615
-0.548629
-0.549644
-0.550658
-0.551672
-0.552686
-0.553699
-0.554713
-0.555726
-0.556739
-0.557752
-0.558765
-0.559777
-0.56079
-0.561802
-0.562814
-0.563826
-0.564838
-0.56585
-0.566861
-0.567873
-0.568884
-0.569895
-0.570906
-0.571917
-0.572927
-0.573938
-0.574948
-0.575958
-0.576968
-0.577978
-0.578988
-0.579997
-0.581006
-0.582016
-0.583025
-0.584034
-0.585042
-0.586051
-0.58706
-0.588068
-0.589076
-0.590084
-0.591092
-0.5921
-0.593108
-0.594115
-0.595123
-0.59613
-0.597137
-0.598144
-0.599151
-0.600157
-0.601164
-0.60217
-0.603177
-0.604183
-0.605189
-0.606195
-0.6072
-0.608206
-0.609211
-0.610217
-0.611222
-0.612227
-0.613232
-0.614237
-0.615242
-0.616246
-0.617251
-0.618255
-0.619259
-0.620263
-0.621267
-0.622271
-0.623275
-0.624278
-0.625282
-0.626285
-0.627288
-0.628291
-0.629294
-0.630297
-0.6313
-0.632303
-0.633305
-0.634308
-0.63531
-0.636312
-0.637314
-0.638316
-0.639318
-0.64032
-0.641321
-0.642323
-0.643324
-0.644325
-0.645326
-0.646328
-0.647328
-0.648329
-0.64933
-0.650331
-0.651331
-0.652332
-0.653332
-0.654332
-0.655332
-0.656332
-0.657332
-0.658332
-0.659331
-0.660331
-0.66133
-0.66233
-0.663329
-0.664328
-0.665327
-0.666326
-0.667325
-0.668324
-0.669322
-0.670321
-0.671319
-0.672318
-0.673316
-0.674314
-0.675312
-0.67631
-0.677308
-0.678306
-0.679304
-0.680301
-0.681299
-0.682296
-0.683293
-0.684291
-0.685288
-0.686285
-0.687282
-0.688279
-0.689276
-0.690272
-0.691269
-0.692265
-0.693262
-0.694258
-0.695255
-0.696251
-0.697247
-0.698243
-0.699239
-0.700235
-0.70123
-0.702226
-0.703222
-0.704217
-0.705213
-0.706208
-0.707203
-0.708198
-0.709194
-0.710189
-0.711184
-0.712178
-0.713173
-0.714168
-0.715163
-0.716157
-0.717152
-0.718146
-0.71914
-0.720135
-0.721129
-0.722123
-0.723117
-0.724111
-0.725105
-0.726099
-0.727092
-0.728086
-0.72908
-0.730073
-0.731067
-0.73206
-0.733053
-0.734047
-0.73504
-0.736033
-0.737026
-0.738019
-0.739012
-0.740005
-0.740998
-0.74199
-0.742983
-0.743976
-0.744968
-0.74596
-0.746953
-0.747945
-0.748937
-0.74993
-0.750922
-0.751914
-0.752906
-0.753898
-0.75489
-0.755882
-0.756873
-0.757865
-0.758857
-0.759848
-0.76084
-0.761831
-0.762823
-0.763814
-0.764805
-0.765796
-0.766788
-0.767779
-0.76877
-0.769761
-0.770752
-0.771743
-0.772733
-0.773724
-0.774715
-0.775706
-0.776696
-0.777687
-0.778677
-0.779668
-0.780658
-0.781648
-0.782639
-0.783629
-0.784619
-0.785609
-0.786599
-0.787589
-0.788579
-0.789569
-0.790559
-0.791549
-0.792539
-0.793529
-0.794518
-0.795508
-0.796498
-0.797487
-0.798477
-0.799466
-0.800456
-0.801445
-0.802434
-0.803423
-0.804413
-0.805402
-0.806391
-0.80738
-0.808369
-0.809358
-0.810347
-0.811336
-0.812325
-0.813314
-0.814302
-0.815291
-0.81628
-0.817269
-0.818257
-0.819246
-0.820234
-0.821223
-0.822211
-0.8232
-0.824188
-0.825176
-0.826165
-0.827153
-0.828141
-0.829129
-0.830117
-0.831105
-0.832093
-0.833081
-0.834069
-0.835057
-0.836045
-0.837033
-0.838021
-0.839009
-0.839996
-0.840984
-0.841972
-0.842959
-0.843947
-0.844935
-0.845922
-0.84691
-0.847897
-0.848885
-0.849872
-0.850859
-0.851847
-0.852834
-0.853821
-0.854808
-0.855796
-0.856783
-0.85777
-0.858757
-0.859744
-0.860731
-0.861718
-0.862705
-0.863692
-0.864679
-0.865666
-0.866653
-0.867639
-0.868626
-0.869613
-0.8706
-0.871586
-0.872573
-0.87356
-0.874546
-0.875533
-0.876519
-0.877506
-0.878492
-0.879479
-0.880465
-0.881452
-0.882438
-0.883424
-0.884411
-0.885397
-0.886383
-0.887369
-0.888356
-0.889342
-0.890328
-0.891314
-0.8923
-0.893286
-0.894272
-0.895258
-0.896244
-0.89723
-0.898216
-0.899202
-0.900188
-0.901174
-0.90216
-0.903146
-0.904131
-0.905117
-0.906103
-0.907089
-0.908074
-0.90906
-0.910045
-0.911031
-0.912017
-0.913002
-0.913988
-0.914973
-0.915959
-0.916944
-0.91793
-0.918915
-0.919901
-0.920886
-0.921871
-0.922857
-0.923842
-0.924827
-0.925812
-0.926798
-0.927783
-0.928768
-0.929753
-0.930738
-0.931723
-0.932709
-0.933694
-0.934679
-0.935664
-0.936649
-0.937634
-0.938619
-0.939604
-0.940589
-0.941574
-0.942558
-0.943543
-0.944528
-0.945513
-0.946498
-0.947482
-0.948467
-0.949452
-0.950437
-0.951421
-0.952406
-0.953391
-0.954375
-0.95536
-0.956345
-0.957329
-0.958314
-0.959298
-0.960283
-0.961267
-0.962252
-0.963236
-0.964221
-0.965205
-0.966189
-0.967174
-0.968158
-0.969142
-0.970127
-0.971111
-0.972095
-0.973079
-0.974064
-0.975048
-0.976032
-0.977016
-0.978
-0.978984
-0.979969
-0.980953
-0.981937
-0.982921
-0.983905
-0.984889
-0.985873
-0.986857
-0.987841
-0.988824
-0.989808
-0.990792
-0.991776
-0.99276
-0.993744
-0.994728
-0.995711
-0.996695
-0.997679
-0.998663
-0.999646
-1.00063
-1.00161
-1.0026
-1.00358
-1.00456
-1.00555
-1.00653
-1.00751
-1.0085
-1.00948
-1.01047
-1.01145
-1.01243
-1.01342
-1.0144
-1.01538
-1.01637
-1.01735
-1.01833
-1.01932
-1.0203
-1.02128
-1.02227
-1.02325
-1.02423
-1.02521
-1.0262
-1.02718
-1.02816
-1.02915
-1.03013
-1.03111
-1.0321
-1.03308
-1.03406
-1.03504
-1.03603
-1.03701
-1.03799
-1.03898
-1.03996
-1.04094
-1.04192
-1.04291
-1.04389
-1.04487
-1.04586
-1.04684
-1.04782
-1.0488
-1.04979
-1.05077
-1.05175
-1.05273
-1.05372
-1.0547
-1.05568
-1.05666
-1.05765
-1.05863
-1.05961
-1.06059
-1.06157
-1.06256
-1.06354
-1.06452
-1.0655
-1.06649
-1.06747
-1.06845
-1.06943
-1.07041
-1.0714
-1.07238
-1.07336
-1.07434
-1.07532
-1.07631
-1.07729
-1.07827
-1.07925
-1.08023
-1.08121
-1.0822
-1.08318
-1.08416
-1.08514
-1.08612
-1.0871
-1.08809
-1.08907
-1.09005
-1.09103
-1.09201
-1.09299
-1.09397
-1.09495
-1.09594
-1.09692
-1.0979
-1.09888
-1.09986
-1.10084
-1.10182
-1.1028
-1.10378
-1.10477
-1.10575
-1.10673
-1.10771
-1.10869
-1.10967
-1.11065
-1.11163
-1.11261
-1.11359
-1.11457
-1.11555
-1.11653
-1.11751
-1.1185
-1.11948
-1.12046
-1.12144
-1.12242
-1.1234
-1.12438
-1.12536
-1.12634
-1.12732
-1.1283
-1.12928
-1.13026
-1.13124
-1.13222
-1.1332
-1.13418
-1.13516
-1.13614
-1.13712
-1.1381
-1.13908
-1.14005
-1.14103
-1.14201
-1.14299
-1.14397
-1.14495
-1.14593
-1.14691
-1.14789
-1.14887
-1.14985
-1.15083
-1.15181
-1.15278
-1.15376
-1.15474
-1.15572
-1.1567
-1.15768
-1.15866
-1.15964
-1.16061
-1.16159
-1.16257
-1.16355
-1.16453
-1.16551
-1.16648
-1.16746
-1.16844
-1.16942
-1.1704
-1.17138
-1.17235
-1.17333
-1.17431
-1.17529
-1.17626
-1.17724
-1.17822
-1.1792
-1.18017
-1.18115
-1.18213
-1.18311
-1.18408
-1.18506
-1.18604
-1.18702
-1.18799
-1.18897
-1.18995
-1.19092
-1.1919
-1.19288
-1.19385
-1.19483
-1.19581
-1.19678
-1.19776
-1.19873
-1.19971
-1.20069
-1.20166
-1.20264
-1.20362
-1.20459
-1.20557
-1.20654
-1.20752
-1.20849
-1.20947
-1.21045
-1.21142
-1.2124
-1.21337
-1.21435
-1.21532
-1.2163
-1.21727
-1.21825
-1.21922
-1.2202
-1.22117
-1.22215
-1.22312
-1.22409
-1.22507
-1.22604
-1.22702
-1.22799
-1.22897
-1.22994
-1.23091
-1.23189
-1.23286
-1.23383
-1.23481
-1.23578
-1.23676
-1.23773
-1.2387
-1.23967
-1.24065
-1.24162
-1.24259
-1.24357
-1.24454
-1.24551
-1.24648
-1.24746
-1.24843
-1.2494
-1.25037
-1.25135
-1.25232
-1.25329
-1.25426
-1.25523
-1.25621
-1.25718
-1.25815
-1.25912
-1.26009
-1.26106
-1.26203
-1.263
-1.26397
-1.26495
-1.26592
-1.26689
-1.26786
-1.26883
-1.2698
-1.27077
-1.27174
-1.27271
-1.27368
-1.27465
-1.27562
-1.27659
-1.27756
-1.27853
-1.27949
-1.28046
-1.28143
-1.2824
-1.28337
-1.28434
-1.28531
-1.28628
-1.28724
-1.28821
-1.28918
-1.29015
-1.29112
-1.29208
-1.29305
-1.29402
-1.29499
-1.29595
-1.29692
-1.29789
-1.29886
-1.29982
-1.30079
-1.30176
-1.30272
-1.30369
-1.30465
-1.30562
-1.30659
-1.30755
-1.30852
-1.30948
-1.31045
-1.31141
-1.31238
-1.31334
-1.31431
-1.31527
-1.31624
-1.3172
-1.31817
-1.31913
-1.3201
-1.32106
-1.32202
-1.32299
-1.32395
-1.32491
-1.32588
-1.32684
-1.3278
-1.32877
-1.32973
-1.33069
-1.33165
-1.33262
-1.33358
-1.33454
-1.3355
-1.33646
-1.33742
-1.33839
-1.33935
-1.34031
-1.34127
-1.34223
-1.34319
-1.34415
-1.34511
-1.34607
-1.34703
-1.34799
-1.34895
-1.34991
-1.35087
-1.35183
-1.35279
-1.35375
-1.35471
-1.35566
-1.35662
-1.35758
-1.35854
-1.3595
-1.36045
-1.36141
-1.36237
-1.36333
-1.36428
-1.36524
-1.3662
-1.36715
-1.36811
-1.36907
-1.37002
-1.37098
-1.37193
-1.37289
-1.37384
-1.3748
-1.37575
-1.37671
-1.37766
-1.37862
-1.37957
-1.38052
-1.38148
-1.38243
-1.38339
-1.38434
-1.38529
-1.38624
-1.3872
-1.38815
-1.3891
-1.39005
-1.39101
-1.39196
-1.39291
-1.39386
-1.39481
-1.39576
-1.39671
-1.39766
-1.39861
-1.39956
-1.40051
-1.40146
-1.40241
-1.40336
-1.40431
-1.40526
-1.40621
-1.40716
-1.4081
-1.40905
-1.41
-1.41095
-1.4119
-1.41284
-1.41379
-1.41474
-1.41568
-1.41663
-1.41757
-1.41852
-1.41947
-1.42041
-1.42136
-1.4223
-1.42325
-1.42419
-1.42513
-1.42608
-1.42702
-1.42797
-1.42891
-1.42985
-1.43079
-1.43174
-1.43268
-1.43362
-1.43456
-1.4355
-1.43645
-1.43739
-1.43833
-1.43927
-1.44021
-1.44115
-1.44209
-1.44303
-1.44397
-1.44491
-1.44585
-1.44678
-1.44772
-1.44866
-1.4496
-1.45054
-1.45147
-1.45241
-1.45335
-1.45428
-1.45522
-1.45616
-1.45709
-1.45803
-1.45896
-1.4599
-1.46083
-1.46177
-1.4627
-1.46363
-1.46457
-1.4655
-1.46643
-1.46737
-1.4683
-1.46923
-1.47016
-1.47109
-1.47203
-1.47296
-1.47389
-1.47482
-1.47575
-1.47668
-1.47761
-1.47854
-1.47947
-1.48039
-1.48132
-1.48225
-1.48318
-1.48411
-1.48503
-1.48596
-1.48689
-1.48781
-1.48874
-1.48966
-1.49059
-1.49151
-1.49244
-1.49336
-1.49429
-1.49521
-1.49614
-1.49706
-1.49798
-1.4989
-1.49983
-1.50075
-1.50167
-1.50259
-1.50351
-1.50443
-1.50535
-1.50627
-1.50719
-1.50811
-1.50903
-1.50995
-1.51087
-1.51178
-1.5127
-1.51362
-1.51454
-1.51545
-1.51637
-1.51729
-1.5182
-1.51912
-1.52003
-1.52095
-1.52186
-1.52277
-1.52369
-1.5246
-1.52551
-1.52643
-1.52734
-1.52825
-1.52916
-1.53007
-1.53098
-1.53189
-1.5328
-1.53371
-1.53462
-1.53553
-1.53644
-1.53735
-1.53825
-1.53916
-1.54007
-1.54097
-1.54188
-1.54279
-1.54369
-1.5446
-1.5455
-1.5464
-1.54731
-1.54821
-1.54912
-1.55002
-1.55092
-1.55182
-1.55272
-1.55362
-1.55452
-1.55543
-1.55633
-1.55722
-1.55812
-1.55902
-1.55992
-1.56082
-1.56172
-1.56261
-1.56351
-1.56441
-1.5653
-1.5662
-1.56709
-1.56799
-1.56888
-1.56977
-1.57067
-1.57156
-1.57245
-1.57334
-1.57424
-1.57513
-1.57602
-1.57691
-1.5778
-1.57869
-1.57958
-1.58046
-1.58135
-1.58224
-1.58313
-1.58401
-1.5849
-1.58579
-1.58667
-1.58756
-1.58844
-1.58932
-1.59021
-1.59109
-1.59197
-1.59286
-1.59374
-1.59462
-1.5955
-1.59638
-1.59726
-1.59814
-1.59902
-1.5999
-1.60077
-1.60165
-1.60253
-1.60341
-1.60428
-1.60516
-1.60603
-1.60691
-1.60778
-1.60865
-1.60953
-1.6104
-1.61127
-1.61214
-1.61301
-1.61389
-1.61476
-1.61563
-1.61649
-1.61736
-1.61823
-1.6191
-1.61997
-1.62083
-1.6217
-1.62256
-1.62343
-1.62429
-1.62516
-1.62602
-1.62688
-1.62775
-1.62861
-1.62947
-1.63033
-1.63119
-1.63205
-1.63291
-1.63377
-1.63463
-1.63548
-1.63634
-1.6372
-1.63805
-1.63891
-1.63976
-1.64062
-1.64147
-1.64233
-1.64318
-1.64403
-1.64488
-1.64573
-1.64658
-1.64743
-1.64828
-1.64913
-1.64998
-1.65083
-1.65168
-1.65252
-1.65337
-1.65421
-1.65506
-1.6559
-1.65675
-1.65759
-1.65843
-1.65927
-1.66012
-1.66096
-1.6618
-1.66264
-1.66347
-1.66431
-1.66515
-1.66599
-1.66682
-1.66766
-1.6685
-1.66933
-1.67016
-1.671
-1.67183
-1.67266
-1.6735
-1.67433
-1.67516
-1.67599
-1.67682
-1.67764
-1.67847
-1.6793
-1.68013
-1.68095
-1.68178
-1.6826
-1.68343
-1.68425
-1.68507
-1.6859
-1.68672
-1.68754
-1.68836
-1.68918
-1.69
-1.69082
-1.69163
-1.69245
-1.69327
-1.69408
-1.6949
-1.69571
-1.69653
-1.69734
-1.69815
-1.69896
-1.69977
-1.70059
-1.7014
-1.7022
-1.70301
-1.70382
-1.70463
-1.70543
-1.70624
-1.70704
-1.70785
-1.70865
-1.70946
-1.71026
-1.71106
-1.71186
-1.71266
-1.71346
-1.71426
-1.71506
-1.71585
-1.71665
-1.71745
-1.71824
-1.71904
-1.71983
-1.72062
-1.72141
-1.72221
-1.723
-1.72379
-1.72458
-1.72537
-1.72615
-1.72694
-1.72773
-1.72851
-1.7293
-1.73008
-1.73087
-1.73165
-1.73243
-1.73321
-1.73399
-1.73477
-1.73555
-1.73633
-1.73711
-1.73788
-1.73866
-1.73944
-1.74021
-1.74098
-1.74176
-1.74253
-1.7433
-1.74407
-1.74484
-1.74561
-1.74638
-1.74714
-1.74791
-1.74868
-1.74944
-1.75021
-1.75097
-1.75173
-1.7525
-1.75326
-1.75402
-1.75478
-1.75554
-1.75629
-1.75705
-1.75781
-1.75856
-1.75932
-1.76007
-1.76082
-1.76158
-1.76233
-1.76308
-1.76383
-1.76458
-1.76533
-1.76607
-1.76682
-1.76756
-1.76831
-1.76905
-1.7698
-1.77054
-1.77128
-1.77202
-1.77276
-1.7735
-1.77424
-1.77497
-1.77571
-1.77645
-1.77718
-1.77791
-1.77865
-1.77938
-1.78011
-1.78084
-1.78157
-1.7823
-1.78303
-1.78375
-1.78448
-1.7852
-1.78593
-1.78665
-1.78737
-1.7881
-1.78882
-1.78954
-1.79026
-1.79097
-1.79169
-1.79241
-1.79312
-1.79384
-1.79455
-1.79526
-1.79597
-1.79668
-1.79739
-1.7981
-1.79881
-1.79952
-1.80022
-1.80093
-1.80163
-1.80234
-1.80304
-1.80374
-1.80444
-1.80514
-1.80584
-1.80654
-1.80723
-1.80793
-1.80862
-1.80932
-1.81001
-1.8107
-1.81139
-1.81208
-1.81277
-1.81346
-1.81415
-1.81484
-1.81552
-1.8162
-1.81689
-1.81757
-1.81825
-1.81893
-1.81961
-1.82029
-1.82097
-1.82164
-1.82232
-1.82299
-1.82367
-1.82434
-1.82501
-1.82568
-1.82635
-1.82702
-1.82769
-1.82836
-1.82902
-1.82969
-1.83035
-1.83101
-1.83167
-1.83233
-1.83299
-1.83365
-1.83431
-1.83497
-1.83562
-1.83628
-1.83693
-1.83758
-1.83823
-1.83888
-1.83953
-1.84018
-1.84083
-1.84147
-1.84212
-1.84276
-1.84341
-1.84405
-1.84469
-1.84533
-1.84597
-1.8466
-1.84724
-1.84788
-1.84851
-1.84914
-1.84978
-1.85041
-1.85104
-1.85167
-1.8523
-1.85292
-1.85355
-1.85417
-1.8548
-1.85542
-1.85604
-1.85666
-1.85728
-1.8579
-1.85852
-1.85913
-1.85975
-1.86036
-1.86097
-1.86159
-1.8622
-1.86281
-1.86342
-1.86402
-1.86463
-1.86523
-1.86584
-1.86644
-1.86704
-1.86764
-1.86824
-1.86884
-1.86944
-1.87003
-1.87063
-1.87122
-1.87181
-1.87241
-1.873
-1.87359
-1.87417
-1.87476
-1.87535
-1.87593
-1.87651
-1.8771
-1.87768
-1.87826
-1.87884
-1.87941
-1.87999
-1.88057
-1.88114
-1.88171
-1.88229
-1.88286
-1.88343
-1.88399
-1.88456
-1.88513
-1.88569
-1.88626
-1.88682
-1.88738
-1.88794
-1.8885
-1.88906
-1.88961
-1.89017
-1.89072
-1.89127
-1.89183
-1.89238
-1.89292
-1.89347
-1.89402
-1.89457
-1.89511
-1.89565
-1.89619
-1.89674
-1.89727
-1.89781
-1.89835
-1.89889
-1.89942
-1.89995
-1.90049
-1.90102
-1.90155
-1.90207
-1.9026
-1.90313
-1.90365
-1.90418
-1.9047
-1.90522
-1.90574
-1.90626
-1.90677
-1.90729
-1.9078
-1.90832
-1.90883
-1.90934
-1.90985
-1.91036
-1.91087
-1.91137
-1.91188
-1.91238
-1.91288
-1.91338
-1.91388
-1.91438
-1.91488
-1.91537
-1.91587
-1.91636
-1.91685
-1.91734
-1.91783
-1.91832
-1.9188
-1.91929
-1.91977
-1.92025
-1.92074
-1.92122
-1.92169
-1.92217
-1.92265
-1.92312
-1.9236
-1.92407
-1.92454
-1.92501
-1.92548
-1.92594
-1.92641
-1.92687
-1.92734
-1.9278
-1.92826
-1.92872
-1.92917
-1.92963
-1.93008
-1.93054
-1.93099
-1.93144
-1.93189
-1.93234
-1.93278
-1.93323
-1.93367
-1.93412
-1.93456
-1.935
-1.93544
-1.93587
-1.93631
-1.93674
-1.93718
-1.93761
-1.93804
-1.93847
-1.9389
-1.93932
-1.93975
-1.94017
-1.94059
-1.94101
-1.94143
-1.94185
-1.94227
-1.94268
-1.9431
-1.94351
-1.94392
-1.94433
-1.94474
-1.94514
-1.94555
-1.94595
-1.94636
-1.94676
-1.94716
-1.94756
-1.94795
-1.94835
-1.94874
-1.94914
-1.94953
-1.94992
-1.95031
-1.95069
-1.95108
-1.95146
-1.95185
-1.95223
-1.95261
-1.95299
-1.95336
-1.95374
-1.95411
-1.95449
-1.95486
-1.95523
-1.9556
-1.95597
-1.95633
-1.9567
-1.95706
-1.95742
-1.95778
-1.95814
-1.9585
-1.95885
-1.95921
-1.95956
-1.95991
-1.96026
-1.96061
-1.96095
-1.9613
-1.96164
-1.96199
-1.96233
-1.96267
-1.96301
-1.96334
-1.96368
-1.96401
-1.96434
-1.96467
-1.965
-1.96533
-1.96566
-1.96598
-1.96631
-1.96663
-1.96695
-1.96727
-1.96759
-1.9679
-1.96822
-1.96853
-1.96884
-1.96915
-1.96946
-1.96977
-1.97007
-1.97038
-1.97068
-1.97098
-1.97128
-1.97158
-1.97188
-1.97217
-1.97246
-1.97276
-1.97305
-1.97334
-1.97362
-1.97391
-1.97419
-1.97448
-1.97476
-1.97504
-1.97532
-1.9756
-1.97587
-1.97614
-1.97642
-1.97669
-1.97696
-1.97723
-1.97749
-1.97776
-1.97802
-1.97828
-1.97854
-1.9788
-1.97906
-1.97932
-1.97957
-1.97982
-1.98007
-1.98032
-1.98057
-1.98082
-1.98106
-1.98131
-1.98155
-1.98179
-1.98203
-1.98226
-1.9825
-1.98273
-1.98297
-1.9832
-1.98343
-1.98366
-1.98388
-1.98411
-1.98433
-1.98455
-1.98477
-1.98499
-1.98521
-1.98543
-1.98564
-1.98585
-1.98606
-1.98627
-1.98648
-1.98669
-1.98689
-1.9871
-1.9873
-1.9875
-1.9877
-1.98789
-1.98809
-1.98828
-1.98847
-1.98866
-1.98885
-1.98904
-1.98923
-1.98941
-1.98959
-1.98978
-1.98996
-1.99013
-1.99031
-1.99049
-1.99066
-1.99083
-1.991
-1.99117
-1.99134
-1.9915
-1.99167
-1.99183
-1.99199
-1.99215
-1.99231
-1.99246
-1.99262
-1.99277
-1.99292
-1.99307
-1.99322
-1.99337
-1.99351
-1.99365
-1.9938
-1.99394
-1.99407
-1.99421
-1.99435
-1.99448
-1.99461
-1.99474
-1.99487
-1.995
-1.99513
-1.99525
-1.99537
-1.99549
-1.99561
-1.99573
-1.99585
-1.99596
-1.99608
-1.99619
-1.9963
-1.99641
-1.99651
-1.99662
-1.99672
-1.99682
-1.99692
-1.99702
-1.99712
-1.99721
-1.99731
-1.9974
-1.99749
-1.99758
-1.99767
-1.99775
-1.99784
-1.99792
-1.998
-1.99808
-1.99816
-1.99823
-1.99831
-1.99838
-1.99845
-1.99852
-1.99859
-1.99866
-1.99872
-1.99879
-1.99885
-1.99891
-1.99897
-1.99902
-1.99908
-1.99913
-1.99918
-1.99924
-1.99928
-1.99933
-1.99938
-1.99942
-1.99946
-1.9995
-1.99954
-1.99958
-1.99962
-1.99965
-1.99968
-1.99972
-1.99974
-1.99977
-1.9998
-1.99982
-1.99985
-1.99987
-1.99989
-1.99991
-1.99992
-1.99994
-1.99995
-1.99996
-1.99997
-1.99998
-1.99999
-1.99999
-2
-2
-2
-2
-2
-1.99999
-1.99999
-1.99998
-1.99997
-1.99996
-1.99995
-1.99993
-1.99992
-1.9999
-1.99988
-1.99986
-1.99984
-1.99981
-1.99979
-1.99976
-1.99973
-1.9997
-1.99967
-1.99964
-1.9996
-1.99956
-1.99953
-1.99949
-1.99944
-1.9994
-1.99936
-1.99931
-1.99926
-1.99921
-1.99916
-1.99911
-1.99905
-1.999
-1.99894
-1.99888
-1.99882
-1.99876
-1.99869
-1.99863
-1.99856
-1.99849
-1.99842
-1.99835
-1.99828
-1.9982
-1.99812
-1.99805
-1.99797
-1.99788
-1.9978
-1.99772
-1.99763
-1.99754
-1.99745
-1.99736
-1.99727
-1.99717
-1.99708
-1.99698
-1.99688
-1.99678
-1.99667
-1.99657
-1.99646
-1.99636
-1.99625
-1.99614
-1.99603
-1.99591
-1.9958
-1.99568
-1.99556
-1.99544
-1.99532
-1.9952
-1.99507
-1.99494
-1.99482
-1.99469
-1.99455
-1.99442
-1.99429
-1.99415
-1.99401
-1.99387
-1.99373
-1.99359
-1.99345
-1.9933
-1.99315
-1.993
-1.99285
-1.9927
-1.99255
-1.99239
-1.99224
-1.99208
-1.99192
-1.99176
-1.99159
-1.99143
-1.99126
-1.99109
-1.99093
-1.99075
-1.99058
-1.99041
-1.99023
-1.99005
-1.98988
-1.9897
-1.98951
-1.98933
-1.98914
-1.98896
-1.98877
-1.98858
-1.98839
-1.9882
-1.988
-1.98781
-1.98761
-1.98741
-1.98721
-1.98701
-1.9868
-1.9866
-1.98639
-1.98618
-1.98597
-1.98576
-1.98554
-1.98533
-1.98511
-1.9849
-1.98468
-1.98446
-1.98423
-1.98401
-1.98378
-1.98356
-1.98333
-1.9831
-1.98286
-1.98263
-1.9824
-1.98216
-1.98192
-1.98168
-1.98144
-1.9812
-1.98095
-1.98071
-1.98046
-1.98021
-1.97996
-1.97971
-1.97946
-1.9792
-1.97895
-1.97869
-1.97843
-1.97817
-1.9779
-1.97764
-1.97737
-1.97711
-1.97684
-1.97657
-1.9763
-1.97602
-1.97575
-1.97547
-1.97519
-1.97492
-1.97463
-1.97435
-1.97407
-1.97378
-1.9735
-1.97321
-1.97292
-1.97263
-1.97233
-1.97204
-1.97174
-1.97145
-1.97115
-1.97085
-1.97055
-1.97024
-1.96994
-1.96963
-1.96932
-1.96901
-1.9687
-1.96839
-1.96808
-1.96776
-1.96744
-1.96713
-1.96681
-1.96649
-1.96616
-1.96584
-1.96551
-1.96519
-1.96486
-1.96453
-1.9642
-1.96386
-1.96353
-1.96319
-1.96286
-1.96252
-1.96218
-1.96183
-1.96149
-1.96115
-1.9608
-1.96045
-1.9601
-1.95975
-1.9594
-1.95905
-1.95869
-1.95834
-1.95798
-1.95762
-1.95726
-1.9569
-1.95653
-1.95617
-1.9558
-1.95543
-1.95507
-1.95469
-1.95432
-1.95395
-1.95357
-1.9532
-1.95282
-1.95244
-1.95206
-1.95168
-1.95129
-1.95091
-1.95052
-1.95013
-1.94975
-1.94935
-1.94896
-1.94857
-1.94817
-1.94778
-1.94738
-1.94698
-1.94658
-1.94618
-1.94578
-1.94537
-1.94496
-1.94456
-1.94415
-1.94374
-1.94333
-1.94291
-1.9425
-1.94208
-1.94167
-1.94125
-1.94083
-1.94041
-1.93998
-1.93956
-1.93913
-1.93871
-1.93828
-1.93785
-1.93742
-1.93698
-1.93655
-1.93612
-1.93568
-1.93524
-1.9348
-1.93436
-1.93392
-1.93348
-1.93303
-1.93259
-1.93214
-1.93169
-1.93124
-1.93079
-1.93034
-1.92988
-1.92943
-1.92897
-1.92851
-1.92805
-1.92759
-1.92713
-1.92667
-1.9262
-1.92574
-1.92527
-1.9248
-1.92433
-1.92386
-1.92339
-1.92291
-1.92244
-1.92196
-1.92148
-1.921
-1.92052
-1.92004
-1.91956
-1.91907
-1.91859
-1.9181
-1.91761
-1.91712
-1.91663
-1.91614
-1.91565
-1.91515
-1.91465
-1.91416
-1.91366
-1.91316
-1.91266
-1.91216
-1.91165
-1.91115
-1.91064
-1.91013
-1.90962
-1.90911
-1.9086
-1.90809
-1.90758
-1.90706
-1.90654
-1.90603
-1.90551
-1.90499
-1.90447
-1.90394
-1.90342
-1.90289
-1.90237
-1.90184
-1.90131
-1.90078
-1.90025
-1.89972
-1.89918
-1.89865
-1.89811
-1.89757
-1.89704
-1.8965
-1.89595
-1.89541
-1.89487
-1.89432
-1.89378
-1.89323
-1.89268
-1.89213
-1.89158
-1.89103
-1.89047
-1.88992
-1.88936
-1.88881
-1.88825
-1.88769
-1.88713
-1.88657
-1.88601
-1.88544
-1.88488
-1.88431
-1.88374
-1.88317
-1.8826
-1.88203
-1.88146
-1.88089
-1.88031
-1.87974
-1.87916
-1.87858
-1.878
-1.87742
-1.87684
-1.87626
-1.87567
-1.87509
-1.8745
-1.87391
-1.87332
-1.87273
-1.87214
-1.87155
-1.87096
-1.87036
-1.86977
-1.86917
-1.86857
-1.86798
-1.86738
-1.86678
-1.86617
-1.86557
-1.86497
-1.86436
-1.86375
-1.86315
-1.86254
-1.86193
-1.86132
-1.8607
-1.86009
-1.85948
-1.85886
-1.85824
-1.85763
-1.85701
-1.85639
-1.85577
-1.85514
-1.85452
-1.8539
-1.85327
-1.85264
-1.85202
-1.85139
-1.85076
-1.85013
-1.8495
-1.84886
-1.84823
-1.84759
-1.84696
-1.84632
-1.84568
-1.84504
-1.8444
-1.84376
-1.84312
-1.84248
-1.84183
-1.84119
-1.84054
-1.83989
-1.83924
-1.83859
-1.83794
-1.83729
-1.83664
-1.83598
-1.83533
-1.83467
-1.83402
-1.83336
-1.8327
-1.83204
-1.83138
-1.83072
-1.83005
-1.82939
-1.82873
-1.82806
-1.82739
-1.82672
-1.82606
-1.82539
-1.82471
-1.82404
-1.82337
-1.8227
-1.82202
-1.82134
-1.82067
-1.81999
-1.81931
-1.81863
-1.81795
-1.81727
-1.81658
-1.8159
-1.81522
-1.81453
-1.81384
-1.81316
-1.81247
-1.81178
-1.81109
-1.8104
-1.8097
-1.80901
-1.80832
-1.80762
-1.80692
-1.80623
-1.80553
-1.80483
-1.80413
-1.80343
-1.80273
-1.80202
-1.80132
-1.80062
-1.79991
-1.7992
-1.7985
-1.79779
-1.79708
-1.79637
-1.79566
-1.79495
-1.79423
-1.79352
-1.7928
-1.79209
-1.79137
-1.79065
-1.78994
-1.78922
-1.7885
-1.78778
-1.78705
-1.78633
-1.78561
-1.78488
-1.78416
-1.78343
-1.7827
-1.78198
-1.78125
-1.78052
-1.77979
-1.77905
-1.77832
-1.77759
-1.77686
-1.77612
-1.77538
-1.77465
-1.77391
-1.77317
-1.77243
-1.77169
-1.77095
-1.77021
-1.76947
-1.76872
-1.76798
-1.76723
-1.76649
-1.76574
-1.76499
-1.76424
-1.7635
-1.76274
-1.76199
-1.76124
-1.76049
-1.75974
