0
-0.00911651
-0.0182313
-0.0273425
-0.0364485
-0.0455476
-0.0546379
-0.0637178
-0.0727856
-0.0818395
-0.0908779
-0.0998991
-0.108902
-0.117883
-0.126843
-0.13578
-0.144691
-0.153575
-0.162431
-0.171257
-0.180053
-0.188815
-0.197544
-0.206237
-0.214894
-0.223513
-0.232093
-0.240633
-0.24913
-0.257586
-0.265997
-0.274364
-0.282685
-0.29096
-0.299186
-0.307364
-0.315493
-0.323571
-0.331598
-0.339573
-0.347496
-0.355366
-0.363182
-0.370943
-0.37865
-0.386301
-0.393896
-0.401435
-0.408917
-0.416342
-0.423709
-0.431019
-0.43827
-0.445464
-0.452599
-0.459675
-0.466692
-0.473651
-0.48055
-0.487391
-0.494172
-0.500894
-0.507557
-0.514162
-0.520707
-0.527193
-0.533621
-0.539989
-0.5463
-0.552552
-0.558746
-0.564882
-0.57096
-0.576981
-0.582944
-0.588851
-0.594701
-0.600494
-0.606232
-0.611914
-0.61754
-0.623112
-0.628628
-0.634091
-0.639499
-0.644854
-0.650156
-0.655405
-0.660601
-0.665745
-0.670838
-0.67588
-0.680871
-0.685812
-0.690702
-0.695544
-0.700336
-0.70508
-0.709776
-0.714424
-0.719024
-0.723578
-0.728086
-0.732548
-0.736964
-0.741335
-0.745662
-0.749945
-0.754184
-0.75838
-0.762533
-0.766644
-0.770713
-0.77474
-0.778727
-0.782673
-0.786579
-0.790445
-0.794272
-0.79806
-0.80181
-0.805522
-0.809196
-0.812833
-0.816434
-0.819998
-0.823526
-0.827019
-0.830477
-0.8339
-0.837289
-0.840644
-0.843965
-0.847253
-0.850509
-0.853732
-0.856923
-0.860083
-0.863211
-0.866308
-0.869375
-0.872412
-0.875419
-0.878396
-0.881345
-0.884264
-0.887155
-0.890018
-0.892853
-0.895661
-0.898442
-0.901195
-0.903923
-0.906624
-0.909299
-0.911948
-0.914572
-0.917172
-0.919746
-0.922296
-0.924822
-0.927324
-0.929803
-0.932258
-0.934691
-0.9371
-0.939487
-0.941852
-0.944195
-0.946516
-0.948816
-0.951094
-0.953352
-0.955588
-0.957805
-0.960001
-0.962177
-0.964333
-0.96647
-0.968587
-0.970686
-0.972765
-0.974826
-0.976868
-0.978892
-0.980898
-0.982886
-0.984857
-0.98681
-0.988746
-0.990665
-0.992567
-0.994452
-0.996321
-0.998174
-1.00001
-1.00183
-1.00364
-1.00542
-1.0072
-1.00896
-1.0107
-1.01243
-1.01414
-1.01584
-1.01753
-1.0192
-1.02086
-1.0225
-1.02413
-1.02574
-1.02734
-1.02893
-1.03051
-1.03207
-1.03362
-1.03516
-1.03668
-1.03819
-1.03969
-1.04118
-1.04265
-1.04411
-1.04557
-1.047
-1.04843
-1.04985
-1.05125
-1.05265
-1.05403
-1.0554
-1.05676
-1.05811
-1.05945
-1.06078
-1.06209
-1.0634
-1.0647
-1.06599
-1.06726
-1.06853
-1.06979
-1.07103
-1.07227
-1.0735
-1.07472
-1.07593
-1.07713
-1.07832
-1.0795
-1.08068
-1.08184
-1.083
-1.08414
-1.08528
-1.08641
-1.08753
-1.08864
-1.08975
-1.09084
-1.09193
-1.09301
-1.09408
-1.09515
-1.0962
-1.09725
-1.09829
-1.09933
-1.10035
-1.10137
-1.10238
-1.10338
-1.10438
-1.10537
-1.10635
-1.10732
-1.10829
-1.10925
-1.11021
-1.11115
-1.11209
-1.11303
-1.11395
-1.11487
-1.11579
-1.11669
-1.11759
-1.11849
-1.11938
-1.12026
-1.12114
-1.12201
-1.12287
-1.12373
-1.12458
-1.12543
-1.12627
-1.1271
-1.12793
-1.12875
-1.12957
-1.13038
-1.13119
-1.13199
-1.13278
-1.13357
-1.13436
-1.13514
-1.13591
-1.13668
-1.13744
-1.1382
-1.13895
-1.1397
-1.14044
-1.14118
-1.14192
-1.14264
-1.14337
-1.14409
-1.1448
-1.14551
-1.14621
-1.14691
-1.14761
-1.1483
-1.14899
-1.14967
-1.15035
-1.15102
-1.15169
-1.15235
-1.15301
-1.15367
-1.15432
-1.15497
-1.15561
-1.15625
-1.15688
-1.15751
-1.15814
-1.15876
-1.15938
-1.15999
-1.1606
-1.16121
-1.16181
-1.16241
-1.16301
-1.1636
-1.16419
-1.16477
-1.16535
-1.16593
-1.1665
-1.16707
-1.16764
-1.1682
-1.16876
-1.16931
-1.16987
-1.17041
-1.17096
-1.1715
-1.17204
-1.17257
-1.1731
-1.17363
-1.17416
-1.17468
-1.1752
-1.17571
-1.17622
-1.17673
-1.17724
-1.17774
-1.17824
-1.17874
-1.17923
-1.17972
-1.18021
-1.18069
-1.18117
-1.18165
-1.18213
-1.1826
-1.18307
-1.18354
-1.184
-1.18446
-1.18492
-1.18538
-1.18583
-1.18628
-1.18673
-1.18717
-1.18761
-1.18805
-1.18849
-1.18893
-1.18936
-1.18979
-1.19021
-1.19064
-1.19106
-1.19148
-1.19189
-1.19231
-1.19272
-1.19313
-1.19353
-1.19394
-1.19434
-1.19474
-1.19513
-1.19553
-1.19592
-1.19631
-1.1967
-1.19708
-1.19746
-1.19784
-1.19822
-1.1986
-1.19897
-1.19934
-1.19971
-1.20008
-1.20045
-1.20081
-1.20117
-1.20153
-1.20188
-1.20224
-1.20259
-1.20294
-1.20329
-1.20363
-1.20398
-1.20432
-1.20466
-1.205
-1.20533
-1.20567
-1.206
-1.20633
-1.20666
-1.20698
-1.20731
-1.20763
-1.20795
-1.20827
-1.20858
-1.2089
-1.20921
-1.20952
-1.20983
-1.21014
-1.21044
-1.21075
-1.21105
-1.21135
-1.21165
-1.21194
-1.21224
-1.21253
-1.21282
-1.21311
-1.2134
-1.21369
-1.21397
-1.21426
-1.21454
-1.21482
-1.21509
-1.21537
-1.21564
-1.21592
-1.21619
-1.21646
-1.21673
-1.21699
-1.21726
-1.21752
-1.21778
-1.21804
-1.2183
-1.21856
-1.21881
-1.21907
-1.21932
-1.21957
-1.21982
-1.22007
-1.22032
-1.22056
-1.22081
-1.22105
-1.22129
-1.22153
-1.22177
-1.222
-1.22224
-1.22247
-1.2227
-1.22293
-1.22316
-1.22339
-1.22362
-1.22384
-1.22407
-1.22429
-1.22451
-1.22473
-1.22495
-1.22517
-1.22538
-1.2256
-1.22581
-1.22602
-1.22623
-1.22644
-1.22665
-1.22686
-1.22706
-1.22727
-1.22747
-1.22767
-1.22787
-1.22807
-1.22827
-1.22847
-1.22866
-1.22886
-1.22905
-1.22924
-1.22943
-1.22962
-1.22981
-1.23
-1.23018
-1.23037
-1.23055
-1.23073
-1.23092
-1.2311
-1.23127
-1.23145
-1.23163
-1.23181
-1.23198
-1.23215
-1.23233
-1.2325
-1.23267
-1.23284
-1.233
-1.23317
-1.23334
-1.2335
-1.23367
-1.23383
-1.23399
-1.23415
-1.23431
-1.23447
-1.23463
-1.23478
-1.23494
-1.23509
-1.23525
-1.2354
-1.23555
-1.2357
-1.23585
-1.236
-1.23614
-1.23629
-1.23644
-1.23658
-1.23672
-1.23687
-1.23701
-1.23715
-1.23729
-1.23742
-1.23756
-1.2377
-1.23783
-1.23797
-1.2381
-1.23824
-1.23837
-1.2385
-1.23863
-1.23876
-1.23889
-1.23901
-1.23914
-1.23927
-1.23939
-1.23951
-1.23964
-1.23976
-1.23988
-1.24
-1.24012
-1.24024
-1.24035
-1.24047
-1.24059
-1.2407
-1.24082
-1.24093
-1.24104
-1.24115
-1.24126
-1.24137
-1.24148
-1.24159
-1.2417
-1.24181
-1.24191
-1.24202
-1.24212
-1.24222
-1.24233
-1.24243
-1.24253
-1.24263
-1.24273
-1.24283
-1.24292
-1.24302
-1.24312
-1.24321
-1.24331
-1.2434
-1.24349
-1.24359
-1.24368
-1.24377
-1.24386
-1.24395
-1.24404
-1.24412
-1.24421
-1.2443
-1.24438
-1.24447
-1.24455
-1.24463
-1.24472
-1.2448
-1.24488
-1.24496
-1.24504
-1.24512
-1.24519
-1.24527
-1.24535
-1.24542
-1.2455
-1.24557
-1.24565
-1.24572
-1.24579
-1.24587
-1.24594
-1.24601
-1.24608
-1.24614
-1.24621
-1.24628
-1.24635
-1.24641
-1.24648
-1.24654
-1.24661
-1.24667
-1.24673
-1.2468
-1.24686
-1.24692
-1.24698
-1.24704
-1.2471
-1.24716
-1.24721
-1.24727
-1.24733
-1.24738
-1.24744
-1.24749
-1.24755
-1.2476
-1.24765
-1.2477
-1.24775
-1.2478
-1.24785
-1.2479
-1.24795
-1.248
-1.24805
-1.24809
-1.24814
-1.24819
-1.24823
-1.24828
-1.24832
-1.24836
-1.24841
-1.24845
-1.24849
-1.24853
-1.24857
-1.24861
-1.24865
-1.24869
-1.24872
-1.24876
-1.2488
-1.24883
-1.24887
-1.2489
-1.24894
-1.24897
-1.24901
-1.24904
-1.24907
-1.2491
-1.24913
-1.24916
-1.24919
-1.24922
-1.24925
-1.24928
-1.24931
-1.24933
-1.24936
-1.24939
-1.24941
-1.24944
-1.24946
-1.24948
-1.24951
-1.24953
-1.24955
-1.24957
-1.24959
-1.24961
-1.24963
-1.24965
-1.24967
-1.24969
-1.24971
-1.24972
-1.24974
-1.24976
-1.24977
-1.24979
-1.2498
-1.24982
-1.24983
-1.24984
-1.24985
-1.24987
-1.24988
-1.24989
-1.2499
-1.24991
-1.24992
-1.24993
-1.24994
-1.24994
-1.24995
-1.24996
-1.24996
-1.24997
-1.24997
-1.24998
-1.24998
-1.24999
-1.24999
-1.24999
-1.25
-1.25
-1.25
-1.25
-1.25
-1.25
-1.25
-1.25
-1.25
-1.24999
-1.24999
-1.24999
-1.24999
-1.24998
-1.24998
-1.24997
-1.24997
-1.24996
-1.24995
-1.24995
-1.24994
-1.24993
-1.24992
-1.24991
-1.24991
-1.2499
-1.24989
-1.24987
-1.24986
-1.24985
-1.24984
-1.24983
-1.24981
-1.2498
-1.24979
-1.24977
-1.24976
-1.24974
-1.24973
-1.24971
-1.24969
-1.24968
-1.24966
-1.24964
-1.24962
-1.24961
-1.24959
-1.24957
-1.24955
-1.24953
-1.2495
-1.24948
-1.24946
-1.24944
-1.24942
-1.24939
-1.24937
-1.24934
-1.24932
-1.2493
-1.24927
-1.24924
-1.24922
-1.24919
-1.24916
-1.24914
-1.24911
-1.24908
-1.24905
-1.24902
-1.24899
-1.24896
-1.24893
-1.2489
-1.24887
-1.24884
-1.2488
-1.24877
-1.24874
-1.2487
-1.24867
-1.24864
-1.2486
-1.24857
-1.24853
-1.24849
-1.24846
-1.24842
-1.24838
-1.24835
-1.24831
-1.24827
-1.24823
-1.24819
-1.24815
-1.24811
-1.24807
-1.24803
-1.24799
-1.24795
-1.2479
-1.24786
-1.24782
-1.24778
-1.24773
-1.24769
-1.24764
-1.2476
-1.24755
-1.24751
-1.24746
-1.24741
-1.24737
-1.24732
-1.24727
-1.24722
-1.24718
-1.24713
-1.24708
-1.24703
-1.24698
-1.24693
-1.24688
-1.24682
-1.24677
-1.24672
-1.24667
-1.24661
-1.24656
-1.24651
-1.24645
-1.2464
-1.24634
-1.24629
-1.24623
-1.24618
-1.24612
-1.24606
-1.24601
-1.24595
-1.24589
-1.24583
-1.24578
-1.24572
-1.24566
-1.2456
-1.24554
-1.24548
-1.24542
-1.24535
-1.24529
-1.24523
-1.24517
-1.2451
-1.24504
-1.24498
-1.24491
-1.24485
-1.24479
-1.24472
-1.24465
-1.24459
-1.24452
-1.24446
-1.24439
-1.24432
-1.24425
-1.24419
-1.24412
-1.24405
-1.24398
-1.24391
-1.24384
-1.24377
-1.2437
-1.24363
-1.24356
-1.24349
-1.24341
-1.24334
-1.24327
-1.2432
-1.24312
-1.24305
-1.24297
-1.2429
-1.24282
-1.24275
-1.24267
-1.2426
-1.24252
-1.24244
-1.24237
-1.24229
-1.24221
-1.24213
-1.24206
-1.24198
-1.2419
-1.24182
-1.24174
-1.24166
-1.24158
-1.2415
-1.24141
-1.24133
-1.24125
-1.24117
-1.24108
-1.241
-1.24092
-1.24083
-1.24075
-1.24067
-1.24058
-1.2405
-1.24041
-1.24032
-1.24024
-1.24015
-1.24006
-1.23998
-1.23989
-1.2398
-1.23971
-1.23962
-1.23953
-1.23944
-1.23936
-1.23926
-1.23917
-1.23908
-1.23899
-1.2389
-1.23881
-1.23872
-1.23862
-1.23853
-1.23844
-1.23834
-1.23825
-1.23816
-1.23806
-1.23797
-1.23787
-1.23778
-1.23768
-1.23758
-1.23749
-1.23739
-1.23729
-1.23719
-1.2371
-1.237
-1.2369
-1.2368
-1.2367
-1.2366
-1.2365
-1.2364
-1.2363
-1.2362
-1.2361
-1.23599
-1.23589
-1.23579
-1.23569
-1.23558
-1.23548
-1.23538
-1.23527
-1.23517
-1.23506
-1.23496
-1.23485
-1.23475
-1.23464
-1.23453
-1.23443
-1.23432
-1.23421
-1.2341
-1.234
-1.23389
-1.23378
-1.23367
-1.23356
-1.23345
-1.23334
-1.23323
-1.23312
-1.23301
-1.2329
-1.23278
-1.23267
-1.23256
-1.23245
-1.23233
-1.23222
-1.23211
-1.23199
-1.23188
-1.23176
-1.23165
-1.23153
-1.23141
-1.2313
-1.23118
-1.23107
-1.23095
-1.23083
-1.23071
-1.23059
-1.23048
-1.23036
-1.23024
-1.23012
-1.23
-1.22988
-1.22976
-1.22964
-1.22952
-1.22939
-1.22927
-1.22915
-1.22903
-1.2289
-1.22878
-1.22866
-1.22853
-1.22841
-1.22829
-1.22816
-1.22804
-1.22791
-1.22778
-1.22766
-1.22753
-1.22741
-1.22728
-1.22715
-1.22702
-1.2269
-1.22677
-1.22664
-1.22651
-1.22638
-1.22625
-1.22612
-1.22599
-1.22586
-1.22573
-1.2256
-1.22546
-1.22533
-1.2252
-1.22507
-1.22493
-1.2248
-1.22467
-1.22453
-1.2244
-1.22426
-1.22413
-1.22399
-1.22386
-1.22372
-1.22359
-1.22345
-1.22331
-1.22318
-1.22304
-1.2229
-1.22276
-1.22262
-1.22248
-1.22235
-1.22221
-1.22207
-1.22193
-1.22179
-1.22164
-1.2215
-1.22136
-1.22122
-1.22108
-1.22094
-1.22079
-1.22065
-1.22051
-1.22036
-1.22022
-1.22007
-1.21993
-1.21978
-1.21964
-1.21949
-1.21935
-1.2192
-1.21905
-1.21891
-1.21876
-1.21861
-1.21846
-1.21832
-1.21817
-1.21802
-1.21787
-1.21772
-1.21757
-1.21742
-1.21727
-1.21712
-1.21697
-1.21682
-1.21666
-1.21651
-1.21636
-1.21621
-1.21605
-1.2159
-1.21575
-1.21559
-1.21544
-1.21528
-1.21513
-1.21497
-1.21482
-1.21466
-1.2145
-1.21435
-1.21419
-1.21403
-1.21387
-1.21372
-1.21356
-1.2134
-1.21324
-1.21308
-1.21292
-1.21276
-1.2126
-1.21244
-1.21228
-1.21212
-1.21195
-1.21179
-1.21163
-1.21147
-1.2113
-1.21114
-1.21098
-1.21081
-1.21065
-1.21049
-1.21032
-1.21015
-1.20999
-1.20982
-1.20966
-1.20949
-1.20932
-1.20916
-1.20899
-1.20882
-1.20865
-1.20848
-1.20832
-1.20815
-1.20798
-1.20781
-1.20764
-1.20747
-1.2073
-1.20712
-1.20695
-1.20678
-1.20661
-1.20644
-1.20626
-1.20609
-1.20592
-1.20574
-1.20557
-1.20539
-1.20522
-1.20504
-1.20487
-1.20469
-1.20452
-1.20434
-1.20416
-1.20399
-1.20381
-1.20363
-1.20345
-1.20327
-1.2031
-1.20292
-1.20274
-1.20256
-1.20238
-1.2022
-1.20202
-1.20184
-1.20165
-1.20147
-1.20129
-1.20111
-1.20093
-1.20074
-1.20056
-1.20037
-1.20019
-1.20001
-1.19982
-1.19964
-1.19945
-1.19927
-1.19908
-1.19889
-1.19871
-1.19852
-1.19833
-1.19814
-1.19796
-1.19777
-1.19758
-1.19739
-1.1972
-1.19701
-1.19682
-1.19663
-1.19644
-1.19625
-1.19606
-1.19587
-1.19567
-1.19548
-1.19529
-1.19509
-1.1949
-1.19471
-1.19451
-1.19432
-1.19412
-1.19393
-1.19373
-1.19354
-1.19334
-1.19315
-1.19295
-1.19275
-1.19255
-1.19236
-1.19216
-1.19196
-1.19176
-1.19156
-1.19136
-1.19116
-1.19096
-1.19076
-1.19056
-1.19036
-1.19016
-1.18996
-1.18975
-1.18955
-1.18935
-1.18915
-1.18894
-1.18874
-1.18853
-1.18833
-1.18812
-1.18792
-1.18771
-1.18751
-1.1873
-1.18709
-1.18689
-1.18668
-1.18647
-1.18626
-1.18606
-1.18585
-1.18564
-1.18543
-1.18522
-1.18501
-1.1848
-1.18459
-1.18438
-1.18417
-1.18395
-1.18374
-1.18353
-1.18332
-1.1831
-1.18289
-1.18268
-1.18246
-1.18225
-1.18203
-1.18182
-1.1816
-1.18138
-1.18117
-1.18095
-1.18073
-1.18052
-1.1803
-1.18008
-1.17986
-1.17964
-1.17943
-1.17921
-1.17899
-1.17877
-1.17855
-1.17832
-1.1781
-1.17788
-1.17766
-1.17744
-1.17722
-1.17699
-1.17677
-1.17655
-1.17632
-1.1761
-1.17587
-1.17565
-1.17542
-1.1752
-1.17497
-1.17474
-1.17452
-1.17429
-1.17406
-1.17383
-1.17361
-1.17338
-1.17315
-1.17292
-1.17269
-1.17246
-1.17223
-1.172
-1.17177
-1.17154
-1.1713
-1.17107
-1.17084
-1.17061
-1.17037
-1.17014
-1.16991
-1.16967
-1.16944
-1.1692
-1.16897
-1.16873
-1.16849
-1.16826
-1.16802
-1.16778
-1.16755
-1.16731
-1.16707
-1.16683
-1.16659
-1.16635
-1.16611
-1.16587
-1.16563
-1.16539
-1.16515
-1.16491
-1.16467
-1.16443
-1.16418
-1.16394
-1.1637
-1.16345
-1.16321
-1.16296
-1.16272
-1.16247
-1.16223
-1.16198
-1.16174
-1.16149
-1.16124
-1.161
-1.16075
-1.1605
-1.16025
-1.16
-1.15975
-1.1595
-1.15925
-1.159
-1.15875
-1.1585
-1.15825
-1.158
-1.15775
-1.15749
-1.15724
-1.15699
-1.15673
-1.15648
-1.15622
-1.15597
-1.15571
-1.15546
-1.1552
-1.15495
-1.15469
-1.15443
-1.15418
-1.15392
-1.15366
-1.1534
-1.15314
-1.15288
-1.15262
-1.15236
-1.1521
-1.15184
-1.15158
-1.15132
-1.15106
-1.1508
-1.15053
-1.15027
-1.15001
-1.14974
-1.14948
-1.14921
-1.14895
-1.14868
-1.14842
-1.14815
-1.14789
-1.14762
-1.14735
-1.14708
-1.14682
-1.14655
-1.14628
-1.14601
-1.14574
-1.14547
-1.1452
-1.14493
-1.14466
-1.14439
-1.14411
-1.14384
-1.14357
-1.1433
-1.14302
-1.14275
-1.14247
-1.1422
-1.14193
-1.14165
-1.14137
-1.1411
-1.14082
-1.14054
-1.14027
-1.13999
-1.13971
-1.13943
-1.13915
-1.13887
-1.1386
-1.13832
-1.13803
-1.13775
-1.13747
-1.13719
-1.13691
-1.13663
-1.13634
-1.13606
-1.13578
-1.13549
-1.13521
-1.13492
-1.13464
-1.13435
-1.13407
-1.13378
-1.13349
-1.13321
-1.13292
-1.13263
-1.13234
-1.13205
-1.13177
-1.13148
-1.13119
-1.1309
-1.1306
-1.13031
-1.13002
-1.12973
-1.12944
-1.12914
-1.12885
-1.12856
-1.12826
-1.12797
-1.12767
-1.12738
-1.12708
-1.12679
-1.12649
-1.12619
-1.1259
-1.1256
-1.1253
-1.125
-1.1247
-1.12441
-1.12411
-1.12381
-1.1235
-1.1232
-1.1229
-1.1226
-1.1223
-1.122
-1.12169
-1.12139
-1.12109
-1.12078
-1.12048
-1.12017
-1.11987
-1.11956
-1.11925
-1.11895
-1.11864
-1.11833
-1.11803
-1.11772
-1.11741
-1.1171
-1.11679
-1.11648
-1.11617
-1.11586
-1.11555
-1.11524
-1.11492
-1.11461
-1.1143
-1.11398
-1.11367
-1.11336
-1.11304
-1.11273
-1.11241
-1.11209
-1.11178
-1.11146
-1.11114
-1.11083
-1.11051
-1.11019
-1.10987
-1.10955
-1.10923
-1.10891
-1.10859
-1.10827
-1.10795
-1.10763
-1.10731
-1.10698
-1.10666
-1.10634
-1.10601
-1.10569
-1.10536
-1.10504
-1.10471
-1.10439
-1.10406
-1.10373
-1.1034
-1.10308
-1.10275
-1.10242
-1.10209
-1.10176
-1.10143
-1.1011
-1.10077
-1.10044
-1.10011
-1.09977
-1.09944
-1.09911
-1.09877
-1.09844
-1.09811
-1.09777
-1.09744
-1.0971
-1.09676
-1.09643
-1.09609
-1.09575
-1.09541
-1.09508
-1.09474
-1.0944
-1.09406
-1.09372
-1.09338
-1.09304
-1.09269
-1.09235
-1.09201
-1.09167
-1.09132
-1.09098
-1.09064
-1.09029
-1.08995
-1.0896
-1.08925
-1.08891
-1.08856
-1.08821
-1.08787
-1.08752
-1.08717
-1.08682
-1.08647
-1.08612
-1.08577
-1.08542
-1.08507
-1.08471
-1.08436
-1.08401
-1.08366
-1.0833
-1.08295
-1.08259
-1.08224
-1.08188
-1.08153
-1.08117
-1.08081
-1.08046
-1.0801
-1.07974
-1.07938
-1.07902
-1.07866
-1.0783
-1.07794
-1.07758
-1.07722
-1.07686
-1.07649
-1.07613
-1.07577
-1.0754
-1.07504
-1.07467
-1.07431
-1.07394
-1.07358
-1.07321
-1.07284
-1.07248
-1.07211
-1.07174
-1.07137
-1.071
-1.07063
-1.07026
-1.06989
-1.06952
-1.06915
-1.06877
-1.0684
-1.06803
-1.06765
-1.06728
-1.06691
-1.06653
-1.06615
-1.06578
-1.0654
-1.06502
-1.06465
-1.06427
-1.06389
-1.06351
-1.06313
-1.06275
-1.06237
-1.06199
-1.06161
-1.06123
-1.06084
-1.06046
-1.06008
-1.05969
-1.05931
-1.05893
-1.05854
-1.05815
-1.05777
-1.05738
-1.05699
-1.05661
-1.05622
-1.05583
-1.05544
-1.05505
-1.05466
-1.05427
-1.05388
-1.05349
-1.05309
-1.0527
-1.05231
-1.05192
-1.05152
-1.05113
-1.05073
-1.05034
-1.04994
-1.04954
-1.04915
-1.04875
-1.04835
-1.04795
-1.04755
-1.04715
-1.04675
-1.04635
-1.04595
-1.04555
-1.04515
-1.04475
-1.04434
-1.04394
-1.04353
-1.04313
-1.04272
-1.04232
-1.04191
-1.04151
-1.0411
-1.04069
-1.04028
-1.03987
-1.03947
-1.03906
-1.03865
-1.03824
-1.03782
-1.03741
-1.037
-1.03659
-1.03617
-1.03576
-1.03535
-1.03493
-1.03452
-1.0341
-1.03368
-1.03327
-1.03285
-1.03243
-1.03201
-1.0316
-1.03118
-1.03076
-1.03034
-1.02991
-1.02949
-1.02907
-1.02865
-1.02823
-1.0278
-1.02738
-1.02695
-1.02653
-1.0261
-1.02568
-1.02525
-1.02482
-1.0244
-1.02397
-1.02354
-1.02311
-1.02268
-1.02225
-1.02182
-1.02139
-1.02095
-1.02052
-1.02009
-1.01966
-1.01922
-1.01879
-1.01835
-1.01792
-1.01748
-1.01704
-1.01661
-1.01617
-1.01573
-1.01529
-1.01485
-1.01441
-1.01397
-1.01353
-1.01309
-1.01265
-1.0122
-1.01176
-1.01132
-1.01087
-1.01043
-1.00998
-1.00954
-1.00909
-1.00864
-1.0082
-1.00775
-1.0073
-1.00685
-1.0064
-1.00595
-1.0055
-1.00505
-1.0046
-1.00415
-1.00369
-1.00324
-1.00279
-1.00233
-1.00188
-1.00142
-1.00096
-1.00051
-1.00005
-0.999593
-0.999134
-0.998676
-0.998216
-0.997756
-0.997296
-0.996834
-0.996373
-0.995911
-0.995448
-0.994984
-0.99452
-0.994056
-0.993591
-0.993125
-0.992659
-0.992193
-0.991725
-0.991258
-0.990789
-0.99032
-0.989851
-0.989381
-0.98891
-0.988439
-0.987967
-0.987495
-0.987022
-0.986549
-0.986075
-0.9856
-0.985125
-0.98465
-0.984173
-0.983696
-0.983219
-0.982741
-0.982263
-0.981784
-0.981304
-0.980824
-0.980343
-0.979862
-0.97938
-0.978897
-0.978414
-0.97793
-0.977446
-0.976961
-0.976476
-0.97599
-0.975504
-0.975016
-0.974529
-0.974041
-0.973552
-0.973062
-0.972572
-0.972082
-0.971591
-0.971099
-0.970607
-0.970114
-0.96962
-0.969126
-0.968632
-0.968136
-0.967641
-0.967144
-0.966647
-0.96615
-0.965652
-0.965153
-0.964654
-0.964154
-0.963653
-0.963152
-0.962651
-0.962148
-0.961646
-0.961142
-0.960638
-0.960134
-0.959628
-0.959123
-0.958616
-0.958109
-0.957602
-0.957094
-0.956585
-0.956076
-0.955566
-0.955055
-0.954544
-0.954032
-0.95352
-0.953007
-0.952494
-0.95198
-0.951465
-0.95095
-0.950434
-0.949917
-0.9494
-0.948882
-0.948364
-0.947845
-0.947326
-0.946806
-0.946285
-0.945764
-0.945242
-0.944719
-0.944196
-0.943672
-0.943148
-0.942623
-0.942098
-0.941571
-0.941045
-0.940517
-0.939989
-0.939461
-0.938932
-0.938402
-0.937871
-0.93734
-0.936809
-0.936277
-0.935744
-0.93521
-0.934676
-0.934141
-0.933606
-0.93307
-0.932534
-0.931996
-0.931459
-0.93092
-0.930381
-0.929842
-0.929301
-0.928761
-0.928219
-0.927677
-0.927134
-0.926591
-0.926047
-0.925502
-0.924957
-0.924411
-0.923865
-0.923318
-0.92277
-0.922222
-0.921673
-0.921123
-0.920573
-0.920022
-0.919471
-0.918919
-0.918366
-0.917813
-0.917259
-0.916704
-0.916149
-0.915593
-0.915037
-0.91448
-0.913922
-0.913364
-0.912805
-0.912245
-0.911685
-0.911124
-0.910562
-0.91
-0.909437
-0.908874
-0.90831
-0.907745
-0.90718
-0.906614
-0.906047
-0.90548
-0.904912
-0.904343
-0.903774
-0.903204
-0.902634
-0.902063
-0.901491
-0.900919
-0.900346
-0.899772
-0.899198
-0.898623
-0.898047
-0.897471
-0.896894
-0.896317
-0.895739
-0.89516
-0.89458
-0.894
-0.893419
-0.892838
-0.892256
-0.891673
-0.89109
-0.890506
-0.889921
-0.889336
-0.88875
-0.888163
-0.887576
-0.886988
-0.8864
-0.885811
-0.885221
-0.88463
-0.884039
-0.883447
-0.882855
-0.882262
-0.881668
-0.881073
-0.880478
-0.879883
-0.879286
-0.878689
-0.878091
-0.877493
-0.876894
-0.876294
-0.875694
-0.875093
-0.874491
-0.873889
-0.873286
-0.872682
-0.872078
-0.871473
-0.870867
-0.870261
-0.869654
-0.869046
-0.868438
-0.867829
-0.867219
-0.866609
-0.865998
-0.865386
-0.864774
-0.864161
-0.863547
-0.862933
-0.862318
-0.861703
-0.861086
-0.860469
-0.859852
-0.859233
-0.858614
-0.857995
-0.857374
-0.856753
-0.856131
-0.855509
-0.854886
-0.854262
-0.853638
-0.853013
-0.852387
-0.851761
-0.851134
-0.850506
-0.849877
-0.849248
-0.848619
-0.847988
-0.847357
-0.846725
-0.846093
-0.845459
-0.844825
-0.844191
-0.843556
-0.84292
-0.842283
-0.841646
-0.841008
-0.840369
-0.83973
-0.83909
-0.838449
-0.837808
-0.837166
-0.836523
-0.83588
-0.835236
-0.834591
-0.833945
-0.833299
-0.832652
-0.832005
-0.831357
-0.830708
-0.830058
-0.829408
-0.828757
-0.828105
-0.827453
-0.8268
-0.826146
-0.825491
-0.824836
-0.82418
-0.823524
-0.822867
-0.822209
-0.82155
-0.820891
-0.820231
-0.81957
-0.818909
-0.818247
-0.817584
-0.816921
-0.816257
-0.815592
-0.814926
-0.81426
-0.813593
-0.812926
-0.812257
-0.811588
-0.810919
-0.810248
-0.809577
-0.808905
-0.808233
-0.807559
-0.806886
-0.806211
-0.805536
-0.80486
-0.804183
-0.803506
-0.802827
-0.802149
-0.801469
-0.800789
-0.800108
-0.799426
-0.798744
-0.798061
-0.797377
-0.796693
-0.796008
-0.795322
-0.794635
-0.793948
-0.79326
-0.792571
-0.791882
-0.791192
-0.790501
-0.78981
-0.789118
-0.788425
-0.787731
-0.787037
-0.786342
-0.785646
-0.78495
-0.784252
-0.783555
-0.782856
-0.782157
-0.781457
-0.780756
-0.780055
-0.779352
-0.77865
-0.777946
-0.777242
-0.776537
-0.775831
-0.775125
-0.774418
-0.77371
-0.773001
-0.772292
-0.771582
-0.770871
-0.77016
-0.769448
-0.768735
-0.768022
-0.767307
-0.766592
-0.765877
-0.76516
-0.764443
-0.763725
-0.763007
-0.762288
-0.761568
-0.760847
-0.760126
-0.759403
-0.758681
-0.757957
-0.757233
-0.756508
-0.755782
-0.755056
-0.754329
-0.753601
-0.752872
-0.752143
-0.751413
-0.750682
-0.749951
-0.749218
-0.748486
-0.747752
-0.747018
-0.746283
-0.745547
-0.74481
-0.744073
-0.743335
-0.742596
-0.741857
-0.741117
-0.740376
-0.739635
-0.738892
-0.738149
-0.737406
-0.736661
-0.735916
-0.73517
-0.734423
-0.733676
-0.732928
-0.732179
-0.73143
-0.73068
-0.729929
-0.729177
-0.728425
-0.727672
-0.726918
-0.726163
-0.725408
-0.724652
-0.723895
-0.723138
-0.722379
-0.72162
-0.720861
-0.7201
-0.719339
-0.718578
-0.717815
-0.717052
-0.716288
-0.715523
-0.714758
-0.713991
-0.713225
-0.712457
-0.711689
-0.71092
-0.71015
-0.709379
-0.708608
-0.707836
-0.707063
-0.70629
-0.705516
-0.704741
-0.703965
-0.703189
-0.702412
-0.701634
-0.700856
-0.700076
-0.699296
-0.698516
-0.697734
-0.696952
-0.696169
-0.695386
-0.694601
-0.693816
-0.69303
-0.692244
-0.691457
-0.690669
-0.68988
-0.689091
-0.6883
-0.68751
-0.686718
-0.685926
-0.685133
-0.684339
-0.683544
-0.682749
-0.681953
-0.681156
-0.680359
-0.679561
-0.678762
-0.677962
-0.677162
-0.676361
-0.675559
-0.674757
-0.673953
-0.673149
-0.672345
-0.671539
-0.670733
-0.669926
-0.669119
-0.66831
-0.667501
-0.666692
-0.665881
-0.66507
-0.664258
-0.663445
-0.662632
-0.661818
-0.661003
-0.660187
-0.659371
-0.658554
-0.657736
-0.656918
-0.656098
-0.655278
-0.654458
-0.653636
-0.652814
-0.651991
-0.651168
-0.650343
-0.649518
-0.648693
-0.647866
-0.647039
-0.646211
-0.645383
-0.644553
-0.643723
-0.642892
-0.642061
-0.641228
-0.640395
-0.639562
-0.638727
-0.637892
-0.637056
-0.63622
-0.635382
-0.634544
-0.633706
-0.632866
-0.632026
-0.631185
-0.630343
-0.629501
-0.628658
-0.627814
-0.62697
-0.626124
-0.625278
-0.624432
-0.623584
-0.622736
-0.621887
-0.621038
-0.620187
-0.619336
-0.618485
-0.617632
-0.616779
-0.615925
-0.615071
-0.614215
-0.613359
-0.612503
-0.611645
-0.610787
-0.609928
-0.609068
-0.608208
-0.607347
-0.606485
-0.605623
-0.60476
-0.603896
-0.603031
-0.602166
-0.6013
-0.600433
-0.599566
-0.598697
-0.597828
-0.596959
-0.596089
-0.595218
-0.594346
-0.593473
-0.5926
-0.591726
-0.590852
-0.589976
-0.5891
-0.588224
-0.587346
-0.586468
-0.585589
-0.58471
-0.58383
-0.582949
-0.582067
-0.581185
-0.580302
-0.579418
-0.578533
-0.577648
-0.576762
-0.575876
-0.574988
-0.5741
-0.573212
-0.572322
-0.571432
-0.570541
-0.56965
-0.568758
-0.567865
-0.566971
-0.566077
-0.565182
-0.564286
-0.56339
-0.562493
-0.561595
-0.560696
-0.559797
-0.558897
-0.557997
-0.557095
-0.556193
-0.555291
-0.554387
-0.553483
-0.552579
-0.551673
-0.550767
-0.54986
-0.548953
-0.548044
-0.547135
-0.546226
-0.545316
-0.544405
-0.543493
-0.542581
-0.541668
-0.540754
-0.539839
-0.538924
-0.538009
-0.537092
-0.536175
-0.535257
-0.534339
-0.533419
-0.5325
-0.531579
-0.530658
-0.529736
-0.528813
-0.52789
-0.526966
-0.526041
-0.525116
-0.52419
-0.523263
-0.522336
-0.521408
-0.520479
-0.51955
-0.51862
-0.517689
-0.516758
-0.515826
-0.514893
-0.51396
-0.513025
-0.512091
-0.511155
-0.510219
-0.509282
-0.508345
-0.507407
-0.506468
-0.505529
-0.504589
-0.503648
-0.502707
-0.501764
-0.500822
-0.499878
-0.498934
-0.49799
-0.497044
-0.496098
-0.495151
-0.494204
-0.493256
-0.492307
-0.491358
-0.490408
-0.489457
-0.488506
-0.487554
-0.486602
-0.485648
-0.484695
-0.48374
-0.482785
-0.481829
-0.480872
-0.479915
-0.478958
-0.477999
-0.47704
-0.47608
-0.47512
-0.474159
-0.473197
-0.472235
-0.471272
-0.470309
-0.469344
-0.46838
-0.467414
-0.466448
-0.465481
-0.464514
-0.463546
-0.462577
-0.461608
-0.460638
-0.459667
-0.458696
-0.457724
-0.456752
-0.455779
-0.454805
-0.453831
-0.452856
-0.45188
-0.450904
-0.449927
-0.44895
-0.447972
-0.446993
-0.446014
-0.445034
-0.444054
-0.443072
-0.442091
-0.441108
-0.440125
-0.439142
-0.438157
-0.437173
-0.436187
-0.435201
-0.434215
-0.433227
-0.432239
-0.431251
-0.430262
-0.429272
-0.428282
-0.427291
-0.426299
-0.425307
-0.424315
-0.423321
-0.422328
-0.421333
-0.420338
-0.419342
-0.418346
-0.417349
-0.416352
-0.415354
-0.414355
-0.413356
-0.412356
-0.411356
-0.410355
-0.409353
-0.408351
-0.407348
-0.406345
-0.405341
-0.404336
-0.403331
-0.402326
-0.401319
-0.400313
-0.399305
-0.398297
-0.397289
-0.39628
-0.39527
-0.39426
-0.393249
-0.392238
-0.391226
-0.390213
-0.3892
-0.388187
-0.387172
-0.386158
-0.385142
-0.384126
-0.38311
-0.382093
-0.381075
-0.380057
-0.379039
-0.37802
-0.377
-0.375979
-0.374959
-0.373937
-0.372915
-0.371893
-0.37087
-0.369846
-0.368822
-0.367797
-0.366772
-0.365746
-0.36472
-0.363693
-0.362666
-0.361638
-0.36061
-0.359581
-0.358551
-0.357521
-0.356491
-0.35546
-0.354428
-0.353396
-0.352363
-0.35133
-0.350296
-0.349262
-0.348227
-0.347192
-0.346156
-0.34512
-0.344083
-0.343046
-0.342008
-0.34097
-0.339931
-0.338891
-0.337852
-0.336811
-0.33577
-0.334729
-0.333687
-0.332645
-0.331602
-0.330558
-0.329515
-0.32847
-0.327425
-0.32638
-0.325334
-0.324288
-0.323241
-0.322194
-0.321146
-0.320098
-0.319049
-0.317999
-0.31695
-0.3159
-0.314849
-0.313798
-0.312746
-0.311694
-0.310641
-0.309588
-0.308535
-0.307481
-0.306426
-0.305371
-0.304316
-0.30326
-0.302203
-0.301147
-0.300089
-0.299032
-0.297973
-0.296915
-0.295856
-0.294796
-0.293736
-0.292676
-0.291615
-0.290553
-0.289492
-0.288429
-0.287367
-0.286304
-0.28524
-0.284176
-0.283112
-0.282047
-0.280981
-0.279916
-0.278849
-0.277783
-0.276716
-0.275648
-0.27458
-0.273512
-0.272443
-0.271374
-0.270305
-0.269235
-0.268164
-0.267093
-0.266022
-0.26495
-0.263878
-0.262806
-0.261733
-0.260659
-0.259586
-0.258512
-0.257437
-0.256362
-0.255287
-0.254211
-0.253135
-0.252058
-0.250981
-0.249904
-0.248826
-0.247748
-0.24667
-0.245591
-0.244512
-0.243432
-0.242352
-0.241272
-0.240191
-0.23911
-0.238028
-0.236946
-0.235864
-0.234781
-0.233698
-0.232615
-0.231531
-0.230447
-0.229362
-0.228278
-0.227192
-0.226107
-0.225021
-0.223934
-0.222848
-0.221761
-0.220673
-0.219586
-0.218498
-0.217409
-0.216321
-0.215231
-0.214142
-0.213052
-0.211962
-0.210872
-0.209781
-0.20869
-0.207598
-0.206507
-0.205414
-0.204322
-0.203229
-0.202136
-0.201043
-0.199949
-0.198855
-0.197761
-0.196666
-0.195571
-0.194476
-0.19338
-0.192284
-0.191188
-0.190091
-0.188994
-0.187897
-0.1868
-0.185702
-0.184604
-0.183506
-0.182407
-0.181308
-0.180209
-0.179109
-0.178009
-0.176909
-0.175809
-0.174708
-0.173607
-0.172506
-0.171405
-0.170303
-0.169201
-0.168099
-0.166996
-0.165893
-0.16479
-0.163687
-0.162583
-0.161479
-0.160375
-0.15927
-0.158166
-0.157061
-0.155955
-0.15485
-0.153744
-0.152638
-0.151532
-0.150426
-0.149319
-0.148212
-0.147105
-0.145997
-0.14489
-0.143782
-0.142674
-0.141565
-0.140457
-0.139348
-0.138239
-0.137129
-0.13602
-0.13491
-0.1338
-0.13269
-0.13158
-0.130469
-0.129358
-0.128247
-0.127136
-0.126025
-0.124913
-0.123801
-0.122689
-0.121577
-0.120465
-0.119352
-0.118239
-0.117126
-0.116013
-0.114899
-0.113786
-0.112672
-0.111558
-0.110444
-0.10933
-0.108215
-0.1071
-0.105986
-0.104871
-0.103755
-0.10264
-0.101524
-0.100409
-0.0992929
-0.0981768
-0.0970606
-0.0959443
-0.0948278
-0.0937111
-0.0925943
-0.0914773
-0.0903602
-0.0892429
-0.0881255
-0.0870079
-0.0858902
-0.0847724
-0.0836544
-0.0825363
-0.081418
-0.0802996
-0.0791811
-0.0780625
-0.0769437
-0.0758248
-0.0747057
-0.0735866
-0.0724673
-0.0713479
-0.0702284
-0.0691087
-0.067989
-0.0668691
-0.0657492
-0.0646291
-0.0635089
-0.0623886
-0.0612682
-0.0601478
-0.0590272
-0.0579065
-0.0567857
-0.0556648
-0.0545439
-0.0534228
-0.0523017
-0.0511804
-0.0500591
-0.0489377
-0.0478162
-0.0466947
-0.045573
-0.0444513
-0.0433295
-0.0422077
-0.0410858
-0.0399638
-0.0388417
-0.0377196
-0.0365974
-0.0354752
-0.0343529
-0.0332305
-0.0321081
-0.0309856
-0.0298631
-0.0287405
-0.0276179
-0.0264952
-0.0253725
-0.0242498
-0.023127
-0.0220042
-0.0208813
-0.0197584
-0.0186355
-0.0175125
-0.0163895
-0.0152665
-0.0141435
-0.0130204
-0.0118973
-0.0107742
-0.00965108
-0.00852794
-0.00740479
-0.00628162
-0.00515844
-0.00403526
-0.00291207
-0.00178887
-0.000665669
0.000457532
0.00158073
0.00270393
0.00382712
0.00495031
0.00607349
0.00719666
0.00831982
0.00944296
0.0105661
0.0116892
0.0128123
0.0139354
0.0150584
0.0161814
0.0173044
0.0184274
0.0195503
0.0206732
0.0217961
0.0229189
0.0240417
0.0251645
0.0262872
0.0274099
0.0285325
0.0296551
0.0307776
0.0319001
0.0330225
0.0341449
0.0352672
0.0363894
0.0375116
0.0386338
0.0397558
0.0408779
0.0419998
0.0431217
0.0442435
0.0453652
0.0464868
0.0476084
0.0487299
0.0498513
0.0509726
0.0520939
0.053215
0.0543361
0.0554571
0.056578
0.0576988
0.0588195
0.0599401
0.0610606
0.062181
0.0633013
0.0644215
0.0655416
0.0666616
0.0677815
0.0689013
0.0700209
0.0711404
0.0722599
0.0733792
0.0744983
0.0756174
0.0767363
0.0778551
0.0789738
0.0800924
0.0812108
0.0823291
0.0834472
0.0845652
0.0856831
0.0868008
0.0879184
0.0890359
0.0901532
0.0912703
0.0923873
0.0935042
0.0946209
0.0957374
0.0968538
0.09797
0.0990861
0.100202
0.101318
0.102433
0.103549
0.104664
0.105779
0.106894
0.108009
0.109123
0.110237
0.111352
0.112466
0.113579
0.114693
0.115807
0.11692
0.118033
0.119146
0.120258
0.121371
0.122483
0.123595
0.124707
0.125819
0.12693
0.128041
0.129153
0.130263
0.131374
0.132484
0.133595
0.134705
0.135814
0.136924
0.138033
0.139142
0.140251
0.14136
0.142468
0.143576
0.144684
0.145792
0.1469
0.148007
0.149114
0.15022
0.151327
0.152433
0.153539
0.154645
0.155751
0.156856
0.157961
0.159066
0.16017
0.161274
0.162378
0.163482
0.164585
0.165689
0.166792
0.167894
0.168997
0.170099
0.171201
0.172302
0.173403
0.174504
0.175605
0.176705
0.177806
0.178906
0.180005
0.181104
0.182203
0.183302
0.1844
0.185499
0.186596
0.187694
0.188791
0.189888
0.190985
0.192081
0.193177
0.194273
0.195368
0.196463
0.197558
0.198652
0.199746
0.20084
0.201934
0.203027
0.20412
0.205212
0.206304
0.207396
0.208488
0.209579
0.21067
0.21176
0.21285
0.21394
0.21503
0.216119
0.217208
0.218296
0.219384
0.220472
0.221559
0.222646
0.223733
0.224819
0.225905
0.226991
0.228076
0.229161
0.230246
0.23133
0.232414
0.233497
0.234581
0.235663
0.236746
0.237828
0.238909
0.23999
0.241071
0.242152
0.243232
0.244312
0.245391
0.24647
0.247548
0.248627
0.249704
0.250782
0.251859
0.252935
0.254012
0.255087
0.256163
0.257238
0.258312
0.259387
0.260461
0.261534
0.262607
0.263679
0.264752
0.265823
0.266895
0.267966
0.269036
0.270106
0.271176
0.272245
0.273314
0.274382
0.27545
0.276518
0.277585
0.278652
0.279718
0.280784
0.281849
0.282914
0.283979
0.285043
0.286107
0.28717
0.288233
0.289295
0.290357
0.291418
0.292479
0.29354
0.2946
0.295659
0.296719
0.297777
0.298836
0.299893
0.300951
0.302008
0.303064
0.30412
0.305176
0.306231
0.307285
0.308339
0.309393
0.310446
0.311499
0.312551
0.313603
0.314654
0.315705
0.316755
0.317805
0.318854
0.319903
0.320952
0.321999
0.323047
0.324094
0.32514
0.326186
0.327232
0.328277
0.329321
0.330365
0.331409
0.332451
0.333494
0.334536
0.335577
0.336618
0.337659
0.338699
0.339738
0.340777
0.341816
0.342854
0.343891
0.344928
0.345964
0.347
0.348035
0.34907
0.350105
0.351138
0.352172
0.353204
0.354237
0.355268
0.3563
0.35733
0.35836
0.35939
0.360419
0.361448
0.362475
0.363503
0.36453
0.365556
0.366582
0.367607
0.368632
0.369656
0.37068
0.371703
0.372726
0.373748
0.374769
0.37579
0.376811
0.377831
0.37885
0.379869
0.380887
0.381905
0.382922
0.383938
0.384954
0.38597
0.386984
0.387999
0.389012
0.390026
0.391038
0.39205
0.393062
0.394073
0.395083
0.396093
0.397102
0.398111
0.399119
0.400126
0.401133
0.402139
0.403145
0.40415
0.405155
0.406159
0.407162
0.408165
0.409167
0.410169
0.41117
0.412171
0.413171
0.41417
0.415169
0.416167
0.417164
0.418161
0.419158
0.420153
0.421149
0.422143
0.423137
0.424131
0.425123
0.426116
0.427107
0.428098
0.429089
0.430078
0.431068
0.432056
0.433044
0.434032
0.435018
0.436005
0.43699
0.437975
0.438959
0.439943
0.440926
0.441909
0.442891
0.443872
0.444852
0.445832
0.446812
0.447791
0.448769
0.449746
0.450723
0.4517
0.452675
0.45365
0.454625
0.455599
0.456572
0.457544
0.458516
0.459488
0.460458
0.461428
0.462398
0.463366
0.464335
0.465302
0.466269
0.467235
0.468201
0.469166
0.47013
0.471094
0.472057
0.473019
0.473981
0.474942
0.475902
0.476862
0.477821
0.47878
0.479738
0.480695
0.481652
0.482608
0.483563
0.484518
0.485472
0.486425
0.487378
0.48833
0.489281
0.490232
0.491182
0.492132
0.49308
0.494028
0.494976
0.495923
0.496869
0.497814
0.498759
0.499703
0.500647
0.50159
0.502532
0.503474
0.504414
0.505355
0.506294
0.507233
0.508171
0.509109
0.510046
0.510982
0.511917
0.512852
0.513787
0.51472
0.515653
0.516585
0.517517
0.518447
0.519378
0.520307
0.521236
0.522164
0.523092
0.524018
0.524944
0.52587
0.526795
0.527719
0.528642
0.529565
0.530487
0.531408
0.532329
0.533249
0.534168
0.535087
0.536005
0.536922
0.537839
0.538755
0.53967
0.540584
0.541498
0.542411
0.543324
0.544236
0.545147
0.546057
0.546967
0.547876
0.548784
0.549692
0.550599
0.551505
0.552411
0.553316
0.55422
0.555123
0.556026
0.556928
0.55783
0.55873
0.55963
0.56053
0.561428
0.562326
0.563224
0.56412
0.565016
0.565911
0.566805
0.567699
0.568592
0.569485
0.570376
0.571267
0.572157
0.573047
0.573936
0.574824
0.575711
0.576598
0.577484
0.578369
0.579254
0.580138
0.581021
0.581904
0.582785
0.583666
0.584547
0.585426
0.586305
0.587184
0.588061
0.588938
0.589814
0.59069
0.591564
0.592438
0.593312
0.594184
0.595056
0.595927
0.596798
0.597667
0.598536
0.599405
0.600272
0.601139
0.602005
0.602871
0.603736
0.6046
0.605463
0.606326
0.607187
0.608049
0.608909
0.609769
0.610628
0.611486
0.612344
0.613201
0.614057
0.614912
0.615767
0.616621
0.617474
0.618327
0.619179
0.62003
0.62088
0.62173
0.622579
0.623427
0.624275
0.625122
0.625968
0.626813
0.627658
0.628502
0.629345
0.630187
0.631029
0.63187
0.632711
0.63355
0.634389
0.635227
0.636065
0.636901
0.637737
0.638573
0.639407
0.640241
0.641074
0.641907
0.642738
0.643569
0.644399
0.645229
0.646058
0.646886
0.647713
0.64854
0.649366
0.650191
0.651015
0.651839
0.652662
0.653484
0.654306
0.655126
0.655946
0.656766
0.657584
0.658402
0.659219
0.660036
0.660852
0.661667
0.662481
0.663294
0.664107
0.664919
0.665731
0.666541
0.667351
0.66816
0.668969
0.669777
0.670584
0.67139
0.672196
0.673
0.673804
0.674608
0.67541
0.676212
0.677014
0.677814
0.678614
0.679413
0.680211
0.681009
0.681805
0.682602
0.683397
0.684192
0.684985
0.685779
0.686571
0.687363
0.688154
0.688944
0.689734
0.690523
0.691311
0.692098
0.692885
0.693671
0.694456
0.69524
0.696024
0.696807
0.697589
0.698371
0.699152
0.699932
0.700711
0.70149
0.702268
0.703045
0.703821
0.704597
0.705372
0.706146
0.70692
0.707693
0.708465
0.709236
0.710007
0.710777
0.711546
0.712315
0.713082
0.713849
0.714616
0.715381
0.716146
0.71691
0.717674
0.718436
0.719198
0.71996
0.72072
0.72148
0.722239
0.722997
0.723755
0.724512
0.725268
0.726023
0.726778
0.727532
0.728285
0.729038
0.729789
0.730541
0.731291
0.732041
0.732789
0.733538
0.734285
0.735032
0.735778
0.736523
0.737268
0.738012
0.738755
0.739497
0.740239
0.74098
0.74172
0.742459
0.743198
0.743936
0.744674
0.74541
0.746146
0.746881
0.747616
0.74835
0.749083
0.749815
0.750547
0.751277
0.752008
0.752737
0.753466
0.754194
0.754921
0.755648
0.756373
0.757099
0.757823
0.758547
0.75927
0.759992
0.760713
0.761434
0.762154
0.762874
0.763592
0.76431
0.765028
0.765744
0.76646
0.767175
0.767889
0.768603
0.769316
0.770028
0.77074
0.77145
0.772161
0.77287
0.773579
0.774287
0.774994
0.7757
0.776406
0.777111
0.777816
0.778519
0.779222
0.779925
0.780626
0.781327
0.782027
0.782726
0.783425
0.784123
0.78482
0.785517
0.786213
0.786908
0.787602
0.788296
0.788989
0.789682
0.790373
0.791064
0.791754
0.792444
0.793133
0.793821
0.794508
0.795195
0.795881
0.796566
0.797251
0.797934
0.798618
0.7993
0.799982
0.800663
0.801343
0.802023
0.802702
0.80338
0.804057
0.804734
0.80541
0.806086
0.806761
0.807435
0.808108
0.808781
0.809453
0.810124
0.810794
0.811464
0.812133
0.812802
0.813469
0.814137
0.814803
0.815469
0.816134
0.816798
0.817461
0.818124
0.818786
0.819448
0.820109
0.820769
0.821428
0.822087
0.822745
0.823402
0.824059
0.824715
0.82537
0.826025
0.826679
0.827332
0.827984
0.828636
0.829287
0.829938
0.830587
0.831236
0.831885
0.832532
0.833179
0.833826
0.834471
0.835116
0.83576
0.836404
0.837047
0.837689
0.838331
0.838971
0.839611
0.840251
0.84089
0.841528
0.842165
0.842802
0.843438
0.844073
0.844708
0.845342
0.845975
0.846608
0.84724
0.847871
0.848502
0.849132
0.849761
0.850389
0.851017
0.851645
0.852271
0.852897
0.853522
0.854147
0.854771
0.855394
0.856016
0.856638
0.857259
0.85788
0.858499
0.859119
0.859737
0.860355
0.860972
0.861588
0.862204
0.862819
0.863434
0.864047
0.864661
0.865273
0.865885
0.866496
0.867106
0.867716
0.868325
0.868934
0.869541
0.870148
0.870755
0.871361
0.871966
0.87257
0.873174
0.873777
0.87438
0.874981
0.875583
0.876183
0.876783
0.877382
0.877981
0.878578
0.879176
0.879772
0.880368
0.880963
0.881558
0.882152
0.882745
0.883338
0.883929
0.884521
0.885111
0.885701
0.886291
0.886879
0.887467
0.888055
0.888641
0.889227
0.889813
0.890398
0.890982
0.891565
0.892148
0.89273
0.893312
0.893893
0.894473
0.895052
0.895631
0.89621
0.896787
0.897364
0.897941
0.898516
0.899091
0.899666
0.90024
0.900813
0.901385
0.901957
0.902528
0.903099
0.903669
0.904238
0.904807
0.905375
0.905942
0.906509
0.907075
0.90764
0.908205
0.908769
0.909333
0.909896
0.910458
0.91102
0.911581
0.912141
0.912701
0.91326
0.913818
0.914376
0.914934
0.91549
0.916046
0.916601
0.917156
0.91771
0.918264
0.918816
0.919369
0.91992
0.920471
0.921021
0.921571
0.92212
0.922669
0.923216
0.923764
0.92431
0.924856
0.925401
0.925946
0.92649
0.927034
0.927576
0.928119
0.92866
0.929201
0.929742
0.930281
0.93082
0.931359
0.931897
0.932434
0.932971
0.933507
0.934042
0.934577
0.935111
0.935645
0.936178
0.93671
0.937242
0.937773
0.938304
0.938833
0.939363
0.939891
0.94042
0.940947
0.941474
0.942
0.942526
0.943051
0.943575
0.944099
0.944622
0.945145
0.945667
0.946188
0.946709
0.947229
0.947749
0.948268
0.948786
0.949304
0.949821
0.950338
0.950854
0.951369
0.951884
0.952398
0.952912
0.953425
0.953937
0.954449
0.95496
0.955471
0.955981
0.956491
0.956999
0.957508
0.958015
0.958522
0.959029
0.959535
0.96004
0.960545
0.961049
0.961552
0.962055
0.962558
0.963059
0.963561
0.964061
0.964561
0.96506
0.965559
0.966058
0.966555
0.967052
0.967549
0.968045
0.96854
0.969035
0.969529
0.970022
0.970515
0.971008
0.9715
0.971991
0.972481
0.972972
0.973461
0.97395
0.974438
0.974926
0.975413
0.9759
0.976386
0.976871
0.977356
0.977841
0.978324
0.978808
0.97929
0.979772
0.980254
0.980735
0.981215
0.981695
0.982174
0.982653
0.983131
0.983608
0.984085
0.984561
0.985037
0.985512
0.985987
0.986461
0.986935
0.987408
0.98788
0.988352
0.988823
0.989294
0.989764
0.990233
0.990702
0.991171
0.991639
0.992106
0.992573
0.993039
0.993505
0.99397
0.994434
0.994898
0.995362
0.995825
0.996287
0.996749
0.99721
0.997671
0.998131
0.99859
0.999049
0.999508
0.999966
1.00042
1.00088
1.00134
1.00179
1.00225
1.0027
1.00316
1.00361
1.00406
1.00451
1.00497
1.00542
1.00587
1.00632
1.00677
1.00722
1.00767
1.00811
1.00856
1.00901
1.00946
1.0099
1.01035
1.01079
1.01124
1.01168
1.01212
1.01257
1.01301
1.01345
1.01389
1.01433
1.01477
1.01521
1.01565
1.01609
1.01653
1.01696
1.0174
1.01784
1.01827
1.01871
1.01914
1.01958
1.02001
1.02044
1.02087
1.02131
1.02174
1.02217
1.0226
1.02303
1.02346
1.02389
1.02432
1.02474
1.02517
1.0256
1.02602
1.02645
1.02687
1.0273
1.02772
1.02815
1.02857
1.02899
1.02941
1.02984
1.03026
1.03068
1.0311
1.03152
1.03194
1.03235
1.03277
1.03319
1.03361
1.03402
1.03444
1.03485
1.03527
1.03568
1.0361
1.03651
1.03692
1.03734
1.03775
1.03816
1.03857
1.03898
1.03939
1.0398
1.04021
1.04062
1.04102
1.04143
1.04184
1.04224
1.04265
1.04305
1.04346
1.04386
1.04427
1.04467
1.04507
1.04548
1.04588
1.04628
1.04668
1.04708
1.04748
1.04788
1.04828
1.04867
1.04907
1.04947
1.04987
1.05026
1.05066
1.05105
1.05145
1.05184
1.05224
1.05263
1.05302
1.05341
1.05381
1.0542
1.05459
1.05498
1.05537
1.05576
1.05615
1.05653
1.05692
1.05731
1.0577
1.05808
1.05847
1.05885
1.05924
1.05962
1.06001
1.06039
1.06077
1.06116
1.06154
1.06192
1.0623
1.06268
1.06306
1.06344
1.06382
1.0642
1.06458
1.06495
1.06533
1.06571
1.06608
1.06646
1.06684
1.06721
1.06758
1.06796
1.06833
1.0687
1.06908
1.06945
1.06982
1.07019
1.07056
1.07093
1.0713
1.07167
1.07204
1.07241
1.07278
1.07314
1.07351
1.07388
1.07424
1.07461
1.07497
1.07534
1.0757
1.07606
1.07643
1.07679
1.07715
1.07751
1.07787
1.07824
1.0786
1.07896
1.07931
1.07967
1.08003
1.08039
1.08075
1.0811
1.08146
1.08182
1.08217
1.08253
1.08288
1.08324
1.08359
1.08394
1.0843
1.08465
1.085
1.08535
1.0857
1.08605
1.0864
1.08675
1.0871
1.08745
1.0878
1.08815
1.0885
1.08884
1.08919
1.08954
1.08988
1.09023
1.09057
1.09092
1.09126
1.0916
1.09195
1.09229
1.09263
1.09297
1.09331
1.09365
1.09399
1.09433
1.09467
1.09501
1.09535
1.09569
1.09603
1.09636
1.0967
1.09704
1.09737
1.09771
1.09804
1.09838
1.09871
1.09905
1.09938
1.09971
1.10004
1.10038
1.10071
1.10104
1.10137
1.1017
1.10203
1.10236
1.10269
1.10302
1.10334
1.10367
1.104
1.10432
1.10465
1.10498
1.1053
1.10563
1.10595
1.10628
1.1066
1.10692
1.10725
1.10757
1.10789
1.10821
1.10853
1.10885
1.10917
1.10949
1.10981
1.11013
1.11045
1.11077
1.11109
1.1114
1.11172
1.11204
1.11235
1.11267
1.11298
1.1133
1.11361
1.11393
1.11424
1.11455
1.11487
1.11518
1.11549
1.1158
1.11611
1.11642
1.11673
1.11704
1.11735
1.11766
1.11797
1.11828
1.11858
1.11889
1.1192
1.1195
1.11981
1.12012
1.12042
1.12073
1.12103
1.12133
1.12164
1.12194
1.12224
1.12254
1.12285
1.12315
1.12345
1.12375
1.12405
1.12435
1.12465
1.12495
1.12525
1.12554
1.12584
1.12614
1.12644
1.12673
1.12703
1.12732
1.12762
1.12791
1.12821
1.1285
1.1288
1.12909
1.12938
1.12968
1.12997
1.13026
1.13055
1.13084
1.13113
1.13142
1.13171
1.132
1.13229
1.13258
1.13287
1.13315
1.13344
1.13373
1.13401
1.1343
1.13459
1.13487
1.13516
1.13544
1.13572
1.13601
1.13629
1.13657
1.13686
1.13714
1.13742
1.1377
1.13798
1.13826
1.13854
1.13882
1.1391
1.13938
1.13966
1.13994
1.14022
1.14049
1.14077
1.14105
1.14132
1.1416
1.14187
1.14215
1.14242
1.1427
1.14297
1.14325
1.14352
1.14379
1.14406
1.14434
1.14461
1.14488
1.14515
1.14542
1.14569
1.14596
1.14623
1.1465
1.14677
1.14703
1.1473
1.14757
1.14784
1.1481
1.14837
1.14863
1.1489
1.14916
1.14943
1.14969
1.14996
1.15022
1.15048
1.15075
1.15101
1.15127
1.15153
1.15179
1.15206
1.15232
1.15258
1.15284
1.15309
1.15335
1.15361
1.15387
1.15413
1.15439
1.15464
1.1549
1.15516
1.15541
1.15567
1.15592
1.15618
1.15643
1.15669
1.15694
1.15719
1.15745
1.1577
1.15795
1.1582
1.15845
1.15871
1.15896
1.15921
1.15946
1.15971
1.15996
1.1602
1.16045
1.1607
1.16095
1.1612
1.16144
1.16169
1.16194
1.16218
1.16243
1.16267
1.16292
1.16316
1.16341
1.16365
1.16389
1.16414
1.16438
1.16462
1.16486
1.16511
1.16535
1.16559
1.16583
1.16607
1.16631
1.16655
1.16679
1.16703
1.16726
1.1675
1.16774
1.16798
1.16821
1.16845
1.16869
1.16892
1.16916
1.16939
1.16963
1.16986
1.1701
1.17033
1.17056
1.1708
1.17103
1.17126
1.17149
1.17172
1.17196
1.17219
1.17242
1.17265
1.17288
1.17311
1.17333
1.17356
1.17379
1.17402
1.17425
1.17447
1.1747
1.17493
1.17515
1.17538
1.17561
1.17583
1.17606
1.17628
1.1765
1.17673
1.17695
1.17717
1.1774
1.17762
1.17784
1.17806
1.17828
1.1785
1.17873
1.17895
1.17917
1.17938
1.1796
1.17982
1.18004
1.18026
1.18048
1.18069
1.18091
1.18113
1.18134
1.18156
1.18178
1.18199
1.18221
1.18242
1.18264
1.18285
1.18306
1.18328
1.18349
1.1837
1.18391
1.18413
1.18434
1.18455
1.18476
1.18497
1.18518
1.18539
1.1856
1.18581
1.18602
1.18623
1.18643
1.18664
1.18685
1.18706
1.18726
1.18747
1.18768
1.18788
1.18809
1.18829
1.1885
1.1887
1.1889
1.18911
1.18931
1.18951
1.18972
1.18992
1.19012
1.19032
1.19052
1.19072
1.19093
1.19113
1.19133
1.19152
1.19172
1.19192
1.19212
1.19232
1.19252
1.19272
1.19291
1.19311
1.19331
1.1935
1.1937
1.19389
1.19409
1.19428
1.19448
1.19467
1.19487
1.19506
1.19525
1.19545
1.19564
1.19583
1.19602
1.19621
1.1964
1.19659
1.19679
1.19698
1.19717
1.19735
1.19754
1.19773
1.19792
1.19811
1.1983
1.19848
1.19867
1.19886
1.19904
1.19923
1.19942
1.1996
1.19979
1.19997
1.20016
1.20034
1.20052
1.20071
1.20089
1.20107
1.20126
1.20144
1.20162
1.2018
1.20198
1.20216
1.20234
1.20252
1.2027
1.20288
1.20306
1.20324
1.20342
1.2036
1.20378
1.20395
1.20413
1.20431
1.20448
1.20466
1.20484
1.20501
1.20519
1.20536
1.20554
1.20571
1.20588
1.20606
1.20623
1.2064
1.20658
1.20675
1.20692
1.20709
1.20726
1.20743
1.2076
1.20778
1.20795
1.20811
1.20828
1.20845
1.20862
1.20879
1.20896
1.20913
1.20929
1.20946
1.20963
1.20979
1.20996
1.21012
1.21029
1.21045
1.21062
1.21078
1.21095
1.21111
1.21127
1.21144
1.2116
1.21176
1.21192
1.21209
1.21225
1.21241
1.21257
1.21273
1.21289
1.21305
1.21321
1.21337
1.21353
1.21369
1.21384
1.214
1.21416
1.21432
1.21447
1.21463
1.21479
1.21494
1.2151
1.21525
1.21541
1.21556
1.21572
1.21587
1.21602
1.21618
1.21633
1.21648
1.21664
1.21679
1.21694
1.21709
1.21724
1.21739
1.21754
1.21769
1.21784
1.21799
1.21814
1.21829
1.21844
1.21859
1.21873
1.21888
1.21903
1.21917
1.21932
1.21947
1.21961
1.21976
1.2199
1.22005
1.22019
1.22034
1.22048
1.22062
1.22077
1.22091
1.22105
1.22119
1.22134
1.22148
1.22162
1.22176
1.2219
1.22204
1.22218
1.22232
1.22246
1.2226
1.22274
1.22287
1.22301
1.22315
1.22329
1.22342
1.22356
1.2237
1.22383
1.22397
1.2241
1.22424
1.22437
1.22451
1.22464
1.22478
1.22491
1.22504
1.22518
1.22531
1.22544
1.22557
1.2257
1.22583
1.22597
1.2261
1.22623
1.22636
1.22648
1.22661
1.22674
1.22687
1.227
1.22713
1.22725
1.22738
1.22751
1.22764
1.22776
1.22789
1.22801
1.22814
1.22826
1.22839
1.22851
1.22864
1.22876
1.22888
1.22901
1.22913
1.22925
1.22937
1.22949
1.22961
1.22974
1.22986
1.22998
1.2301
1.23022
1.23034
1.23045
1.23057
1.23069
1.23081
1.23093
1.23104
1.23116
1.23128
1.23139
1.23151
1.23162
1.23174
1.23186
1.23197
1.23208
1.2322
1.23231
1.23242
1.23254
1.23265
1.23276
1.23287
1.23299
1.2331
1.23321
1.23332
1.23343
1.23354
1.23365
1.23376
1.23387
1.23398
1.23408
1.23419
1.2343
1.23441
1.23451
1.23462
1.23473
1.23483
1.23494
1.23504
1.23515
1.23525
1.23536
1.23546
1.23556
1.23567
1.23577
1.23587
1.23598
1.23608
1.23618
1.23628
1.23638
1.23648
1.23658
1.23668
1.23678
1.23688
1.23698
1.23708
1.23718
1.23727
1.23737
1.23747
1.23757
1.23766
1.23776
1.23785
1.23795
1.23804
1.23814
1.23823
1.23833
1.23842
1.23851
1.23861
1.2387
1.23879
1.23888
1.23898
1.23907
1.23916
1.23925
1.23934
1.23943
1.23952
1.23961
1.2397
1.23978
1.23987
1.23996
1.24005
1.24013
1.24022
1.24031
1.24039
1.24048
1.24056
1.24065
1.24073
1.24082
1.2409
1.24099
1.24107
1.24115
1.24123
1.24132
1.2414
1.24148
1.24156
1.24164
1.24172
1.2418
1.24188
1.24196
1.24204
1.24212
1.2422
1.24228
1.24235
1.24243
1.24251
1.24258
1.24266
1.24274
1.24281
1.24289
1.24296
1.24303
1.24311
1.24318
1.24326
1.24333
1.2434
1.24347
1.24354
1.24362
1.24369
1.24376
1.24383
1.2439
1.24397
1.24404
1.24411
1.24417
1.24424
1.24431
1.24438
1.24444
1.24451
1.24458
1.24464
1.24471
1.24477
1.24484
1.2449
1.24497
1.24503
1.24509
1.24516
1.24522
1.24528
1.24534
1.2454
1.24546
1.24553
1.24559
1.24565
1.24571
1.24576
1.24582
1.24588
1.24594
1.246
1.24605
1.24611
1.24617
1.24622
1.24628
1.24633
1.24639
1.24644
1.2465
1.24655
1.2466
1.24666
1.24671
1.24676
1.24681
1.24687
1.24692
1.24697
1.24702
1.24707
1.24712
1.24717
1.24721
1.24726
1.24731
1.24736
1.24741
1.24745
1.2475
1.24754
1.24759
1.24763
1.24768
1.24772
1.24777
1.24781
1.24785
1.2479
1.24794
1.24798
1.24802
1.24806
1.2481
1.24814
1.24818
1.24822
1.24826
1.2483
1.24834
1.24838
1.24841
1.24845
1.24849
1.24852
1.24856
1.2486
1.24863
1.24866
1.2487
1.24873
1.24877
1.2488
1.24883
1.24886
1.24889
1.24893
1.24896
1.24899
1.24902
1.24905
1.24907
1.2491
1.24913
1.24916
1.24919
1.24921
1.24924
1.24926
1.24929
1.24932
1.24934
1.24936
1.24939
1.24941
1.24943
1.24946
1.24948
1.2495
1.24952
1.24954
1.24956
1.24958
1.2496
1.24962
1.24964
1.24966
1.24967
1.24969
1.24971
1.24972
1.24974
1.24976
1.24977
1.24979
1.2498
1.24981
1.24983
1.24984
1.24985
1.24986
1.24987
1.24988
1.24989
1.2499
1.24991
1.24992
1.24993
1.24994
1.24995
1.24995
1.24996
1.24997
1.24997
1.24998
1.24998
1.24998
1.24999
1.24999
1.24999
1.25
1.25
1.25
1.25
1.25
1.25
1.25
1.25
1.25
1.24999
1.24999
1.24999
1.24998
1.24998
1.24998
1.24997
1.24996
1.24996
1.24995
1.24994
1.24994
1.24993
1.24992
1.24991
1.2499
1.24989
1.24988
1.24987
1.24986
1.24984
1.24983
1.24982
1.2498
1.24979
1.24978
1.24976
1.24974
1.24973
1.24971
1.24969
1.24967
1.24966
1.24964
1.24962
1.2496
1.24958
1.24955
1.24953
1.24951
1.24949
1.24946
1.24944
1.24942
1.24939
1.24936
1.24934
1.24931
1.24928
1.24926
1.24923
1.2492
1.24917
1.24914
1.24911
1.24908
1.24904
1.24901
1.24898
1.24895
1.24891
1.24888
1.24884
1.24881
1.24877
1.24873
1.24869
1.24866
1.24862
1.24858
1.24854
1.2485
1.24846
1.24841
1.24837
1.24833
1.24828
1.24824
1.2482
1.24815
1.2481
1.24806
1.24801
1.24796
1.24791
1.24786
1.24781
1.24776
1.24771
1.24766
1.24761
1.24756
1.2475
1.24745
1.24739
1.24734
1.24728
1.24722
1.24717
1.24711
1.24705
1.24699
1.24693
1.24687
1.24681
1.24675
1.24668
1.24662
1.24656
1.24649
1.24643
1.24636
1.24629
1.24623
1.24616
1.24609
1.24602
1.24595
1.24588
1.24581
1.24573
1.24566
1.24559
1.24551
1.24544
1.24536
1.24529
1.24521
1.24513
1.24505
1.24497
1.24489
1.24481
1.24473
1.24465
1.24457
1.24448
1.2444
1.24431
1.24423
1.24414
1.24405
1.24396
1.24387
1.24378
1.24369
1.2436
1.24351
1.24342
1.24332
1.24323
1.24313
1.24304
1.24294
1.24284
1.24275
1.24265
1.24255
1.24245
1.24234
1.24224
1.24214
1.24204
1.24193
1.24183
1.24172
1.24161
1.2415
1.24139
1.24128
1.24117
1.24106
1.24095
1.24084
1.24072
1.24061
1.24049
1.24038
1.24026
1.24014
1.24002
1.2399
1.23978
1.23966
1.23954
1.23941
1.23929
1.23916
1.23904
1.23891
1.23878
1.23865
1.23852
1.23839
1.23826
1.23813
1.23799
1.23786
1.23772
1.23759
1.23745
1.23731
1.23717
1.23703
1.23689
1.23675
1.23661
1.23646
1.23632
1.23617
1.23602
1.23588
1.23573
1.23558
1.23543
1.23527
1.23512
1.23497
1.23481
1.23466
1.2345
1.23434
1.23418
1.23402
1.23386
1.2337
1.23353
1.23337
1.2332
1.23304
1.23287
1.2327
1.23253
1.23236
1.23219
1.23201
1.23184
1.23166
1.23149
1.23131
1.23113
1.23095
1.23077
1.23059
1.2304
1.23022
1.23003
1.22984
1.22966
1.22947
1.22928
1.22908
1.22889
1.2287
1.2285
1.22831
1.22811
1.22791
1.22771
1.22751
1.2273
1.2271
1.22689
1.22669
1.22648
1.22627
1.22606
1.22585
1.22564
1.22542
1.22521
1.22499
1.22477
1.22455
1.22433
1.22411
1.22388
1.22366
1.22343
1.2232
1.22298
1.22275
1.22251
1.22228
1.22205
1.22181
1.22157
1.22133
1.22109
1.22085
1.22061
1.22036
1.22012
1.21987
1.21962
1.21937
1.21912
1.21886
1.21861
1.21835
1.21809
1.21783
1.21757
1.21731
1.21704
1.21678
1.21651
1.21624
1.21597
1.21569
1.21542
1.21514
1.21487
1.21459
1.21431
1.21402
1.21374
1.21345
1.21317
1.21288
1.21259
1.21229
1.212
1.2117
1.21141
1.21111
1.2108
1.2105
1.2102
1.20989
1.20958
1.20927
1.20896
1.20864
1.20833
1.20801
1.20769
1.20737
1.20704
1.20672
1.20639
1.20606
1.20573
1.2054
1.20506
1.20472
1.20438
1.20404
1.2037
1.20335
1.203
1.20266
1.2023
1.20195
1.20159
1.20124
1.20088
1.20051
1.20015
1.19978
1.19941
1.19904
1.19867
1.19829
1.19792
1.19753
1.19715
1.19677
1.19638
1.19599
1.1956
1.19521
1.19481
1.19441
1.19401
1.19361
1.1932
1.19279
1.19238
1.19197
1.19155
1.19113
1.19071
1.19029
1.18986
1.18944
1.18901
1.18857
1.18814
1.1877
1.18726
1.18681
1.18636
1.18591
1.18546
1.18501
1.18455
1.18409
1.18362
1.18316
1.18269
1.18222
1.18174
1.18126
1.18078
1.1803
1.17981
1.17932
1.17883
1.17833
1.17783
1.17733
1.17683
1.17632
1.17581
1.17529
1.17477
1.17425
1.17373
1.1732
1.17267
1.17214
1.1716
1.17106
1.17051
1.16997
1.16942
1.16886
1.1683
1.16774
1.16718
1.16661
1.16604
1.16546
1.16488
1.1643
1.16371
1.16312
1.16252
1.16193
1.16132
1.16072
1.16011
1.15949
1.15888
1.15825
1.15763
1.157
1.15636
1.15573
1.15508
1.15444
1.15379
1.15313
1.15247
1.15181
1.15114
1.15047
1.14979
1.14911
1.14843
1.14774
1.14704
1.14634
1.14564
1.14493
1.14422
1.1435
1.14278
1.14205
1.14132
1.14058
1.13984
1.13909
1.13834
1.13758
1.13682
1.13605
1.13528
1.1345
1.13372
1.13293
1.13213
1.13134
1.13053
1.12972
1.1289
1.12808
1.12725
1.12642
1.12558
1.12474
1.12389
1.12303
1.12217
1.1213
1.12042
1.11954
1.11865
1.11776
1.11686
1.11596
1.11504
1.11412
1.1132
1.11227
1.11133
1.11038
1.10943
1.10847
1.1075
1.10653
1.10555
1.10456
1.10357
1.10257
1.10156
1.10054
1.09952
1.09848
1.09744
1.0964
1.09534
1.09428
1.09321
1.09213
1.09105
1.08995
1.08885
1.08774
1.08662
1.08549
1.08435
1.08321
1.08206
1.08089
1.07972
1.07854
1.07735
1.07615
1.07494
1.07373
1.0725
1.07126
1.07002
1.06876
1.0675
1.06622
1.06494
1.06364
1.06234
1.06102
1.05969
1.05836
1.05701
1.05565
1.05428
1.0529
1.05151
1.05011
1.04869
1.04727
1.04583
1.04438
1.04292
1.04145
1.03997
1.03847
1.03696
1.03544
1.03391
1.03236
1.0308
1.02923
1.02764
1.02604
1.02443
1.0228
1.02116
1.01951
1.01784
1.01616
1.01446
1.01275
1.01102
1.00928
1.00753
1.00575
1.00397
1.00217
1.00035
0.998515
0.996666
0.9948
0.992917
0.991018
0.989103
0.98717
0.98522
0.983253
0.981268
0.979265
0.977244
0.975206
0.973148
0.971072
0.968978
0.966864
0.964731
0.962578
0.960405
0.958213
0.956001
0.953768
0.951514
0.949239
0.946944
0.944626
0.942288
0.939927
0.937544
0.935139
0.932711
0.93026
0.927785
0.925288
0.922766
0.920221
0.917651
0.915056
0.912436
0.909792
0.907121
0.904425
0.901703
0.898954
0.896178
0.893376
0.890546
0.887688
0.884802
0.881888
0.878945
0.875973
0.872972
0.86994
0.866879
0.863787
0.860665
0.857511
0.854326
0.851108
0.847859
0.844577
0.841262
0.837913
0.83453
0.831114
0.827662
0.824176
0.820654
0.817097
0.813503
0.809873
0.806205
0.8025
0.798758
0.794977
0.791157
0.787298
0.783399
0.779461
0.775482
0.771462
0.767401
0.763298
0.759152
0.754965
0.750734
0.746459
0.74214
0.737777
0.733369
0.728916
0.724417
0.719872
0.71528
0.71064
0.705954
0.701219
0.696435
0.691603
0.686722
0.68179
0.676809
0.671776
0.666693
0.661558
0.656371
0.651132
0.64584
0.640496
0.635097
0.629645
0.624138
0.618577
0.612961
0.607289
0.601562
0.595779
0.589939
0.584043
0.57809
0.57208
0.566012
0.559887
0.553704
0.547463
0.541163
0.534805
0.528389
0.521913
0.515379
0.508786
0.502134
0.495422
0.488652
0.481822
0.474934
0.467986
0.46098
0.453914
0.44679
0.439608
0.432367
0.425068
0.417711
0.410297
0.402826
0.395297
0.387712
0.380072
0.372375
0.364624
0.356818
0.348959
0.341046
0.33308
0.325062
0.316993
0.308874
0.300705
0.292488
0.284222
0.27591
0.267551
0.259148
0.250701
0.24221
0.233679
0.225106
0.216494
0.207844
0.199158
0.190435
0.181679
0.17289
0.164069
0.155218
0.146339
0.137433
0.128501
0.119545
0.110568
0.101569
0.0925509
0.0835156
0.0744644
0.0653991
0.0563213
0.0472328
0.0381352
0.0290304
0.01992
0.0108057
0.00168941
-0.00742723
-0.0165424
-0.0256545
-0.0347616
-0.0438621
-0.0529541
-0.0620361
-0.0711062
-0.0801629
-0.0892043
-0.0982288
-0.107235
-0.116221
-0.125185
-0.134125
-0.143041
-0.151931
-0.160792
-0.169624
-0.178425
-0.187194
-0.195929
-0.204629
-0.213293
-0.221919
-0.230506
-0.239053
-0.247559
-0.256022
-0.264442
-0.272817
-0.281147
-0.28943
-0.297665
-0.305852
-0.31399
-0.322078
-0.330114
-0.338099
-0.346032
-0.353912
-0.361737
-0.369509
-0.377226
-0.384887
-0.392493
-0.400042
-0.407535
-0.41497
-0.422348
-0.429669
-0.436931
-0.444135
-0.451281
-0.458368
-0.465396
-0.472366
-0.479276
-0.486128
-0.49292
-0.499653
-0.506327
-0.512942
-0.519498
-0.525996
-0.532434
-0.538814
-0.545135
-0.551398
-0.557602
-0.563749
-0.569838
-0.575869
-0.581843
-0.587761
-0.593621
-0.599425
-0.605173
-0.610865
-0.616502
-0.622083
-0.62761
-0.633083
-0.638501
-0.643866
-0.649177
-0.654436
-0.659642
-0.664796
-0.669898
-0.67495
-0.67995
-0.6849
-0.6898
-0.69465
-0.699452
-0.704204
-0.708909
-0.713566
-0.718175
-0.722738
-0.727254
-0.731724
-0.736149
-0.740529
-0.744864
-0.749154
-0.753402
-0.757605
-0.761766
-0.765885
-0.769962
-0.773997
-0.777991
-0.781944
-0.785858
-0.789731
-0.793566
-0.797361
-0.801118
-0.804837
-0.808518
-0.812162
-0.815769
-0.81934
-0.822875
-0.826374
-0.829839
-0.833268
-0.836663
-0.840024
-0.843352
-0.846646
-0.849908
-0.853137
-0.856334
-0.8595
-0.862634
-0.865737
-0.868809
-0.871852
-0.874864
-0.877847
-0.880801
-0.883725
-0.886622
-0.88949
-0.89233
-0.895143
-0.897928
-0.900687
-0.903419
-0.906125
-0.908805
-0.911459
-0.914088
-0.916692
-0.919271
-0.921826
-0.924356
-0.926862
-0.929345
-0.931805
-0.934242
-0.936655
-0.939046
-0.941415
-0.943762
-0.946087
-0.948391
-0.950673
-0.952935
-0.955175
-0.957396
-0.959595
-0.961775
-0.963935
-0.966075
-0.968196
-0.970298
-0.972381
-0.974445
-0.976491
-0.978518
-0.980528
-0.982519
-0.984493
-0.986449
-0.988388
-0.99031
-0.992216
-0.994104
-0.995976
-0.997831
-0.999671
-1.00149
-1.0033
-1.00509
-1.00687
-1.00863
-1.01038
-1.01211
-1.01383
-1.01553
-1.01722
-1.01889
-1.02055
-1.02219
-1.02383
-1.02544
-1.02705
-1.02864
-1.03022
-1.03178
-1.03333
-1.03487
-1.0364
-1.03791
-1.03941
-1.0409
-1.04238
-1.04384
-1.0453
-1.04674
-1.04817
-1.04959
-1.05099
-1.05239
-1.05377
-1.05515
-1.05651
-1.05786
-1.0592
-1.06053
-1.06185
-1.06316
-1.06446
-1.06575
-1.06703
-1.0683
-1.06956
-1.0708
-1.07204
-1.07327
-1.07449
-1.07571
-1.07691
-1.0781
-1.07928
-1.08046
-1.08163
-1.08278
-1.08393
-1.08507
-1.0862
-1.08732
-1.08844
-1.08954
-1.09064
-1.09173
-1.09281
-1.09389
-1.09495
-1.09601
-1.09706
-1.0981
-1.09913
-1.10016
-1.10118
-1.10219
-1.1032
-1.10419
-1.10518
-1.10617
-1.10714
-1.10811
-1.10907
-1.11003
-1.11098
-1.11192
-1.11285
-1.11378
-1.1147
-1.11562
-1.11653
-1.11743
-1.11832
-1.11921
-1.1201
-1.12097
-1.12185
-1.12271
-1.12357
-1.12442
-1.12527
-1.12611
-1.12695
-1.12778
-1.1286
-1.12942
-1.13023
-1.13104
-1.13184
-1.13264
-1.13343
-1.13421
-1.13499
-1.13577
-1.13654
-1.1373
-1.13806
-1.13881
-1.13956
-1.14031
-1.14105
-1.14178
-1.14251
-1.14323
-1.14395
-1.14467
-1.14538
-1.14608
-1.14679
-1.14748
-1.14817
-1.14886
-1.14954
-1.15022
-1.15089
-1.15156
-1.15223
-1.15289
-1.15355
-1.1542
-1.15485
-1.15549
-1.15613
-1.15676
-1.1574
-1.15802
-1.15865
-1.15927
-1.15988
-1.16049
-1.1611
-1.1617
-1.1623
-1.1629
-1.16349
-1.16408
-1.16466
-1.16524
-1.16582
-1.1664
-1.16697
-1.16753
-1.1681
-1.16865
-1.16921
-1.16976
-1.17031
-1.17086
-1.1714
-1.17194
-1.17247
-1.17301
-1.17353
-1.17406
-1.17458
-1.1751
-1.17562
-1.17613
-1.17664
-1.17715
-1.17765
-1.17815
-1.17865
-1.17914
-1.17963
-1.18012
-1.1806
-1.18109
-1.18156
-1.18204
-1.18251
-1.18298
-1.18345
-1.18392
-1.18438
-1.18484
-1.18529
-1.18575
-1.1862
-1.18665
-1.18709
-1.18753
-1.18797
-1.18841
-1.18885
-1.18928
-1.18971
-1.19013
-1.19056
-1.19098
-1.1914
-1.19182
-1.19223
-1.19264
-1.19305
-1.19346
-1.19386
-1.19426
-1.19466
-1.19506
-1.19545
-1.19585
-1.19624
-1.19662
-1.19701
-1.19739
-1.19777
-1.19815
-1.19853
-1.1989
-1.19928
-1.19965
-1.20001
-1.20038
-1.20074
-1.2011
-1.20146
-1.20182
-1.20217
-1.20252
-1.20288
-1.20322
-1.20357
-1.20391
-1.20426
-1.2046
-1.20493
-1.20527
-1.20561
-1.20594
-1.20627
-1.2066
-1.20692
-1.20725
-1.20757
-1.20789
-1.20821
-1.20853
-1.20884
-1.20915
-1.20947
-1.20977
-1.21008
-1.21039
-1.21069
-1.21099
-1.21129
-1.21159
-1.21189
-1.21219
-1.21248
-1.21277
-1.21306
-1.21335
-1.21363
-1.21392
-1.2142
-1.21448
-1.21476
-1.21504
-1.21532
-1.21559
-1.21587
-1.21614
-1.21641
-1.21668
-1.21694
-1.21721
-1.21747
-1.21773
-1.21799
-1.21825
-1.21851
-1.21877
-1.21902
-1.21927
-1.21953
-1.21978
-1.22002
-1.22027
-1.22052
-1.22076
-1.221
-1.22124
-1.22148
-1.22172
-1.22196
-1.22219
-1.22243
-1.22266
-1.22289
-1.22312
-1.22335
-1.22358
-1.2238
-1.22402
-1.22425
-1.22447
-1.22469
-1.22491
-1.22513
-1.22534
-1.22556
-1.22577
-1.22598
-1.22619
-1.2264
-1.22661
-1.22682
-1.22702
-1.22723
-1.22743
-1.22763
-1.22783
-1.22803
-1.22823
-1.22843
-1.22863
-1.22882
-1.22901
-1.22921
-1.2294
-1.22959
-1.22977
-1.22996
-1.23015
-1.23033
-1.23052
-1.2307
-1.23088
-1.23106
-1.23124
-1.23142
-1.2316
-1.23177
-1.23195
-1.23212
-1.23229
-1.23247
-1.23264
-1.23281
-1.23297
-1.23314
-1.23331
-1.23347
-1.23364
-1.2338
-1.23396
-1.23412
-1.23428
-1.23444
-1.2346
-1.23475
-1.23491
-1.23506
-1.23522
-1.23537
-1.23552
-1.23567
-1.23582
-1.23597
-1.23612
-1.23626
-1.23641
-1.23655
-1.2367
-1.23684
-1.23698
-1.23712
-1.23726
-1.2374
-1.23754
-1.23767
-1.23781
-1.23794
-1.23808
-1.23821
-1.23834
-1.23847
-1.2386
-1.23873
-1.23886
-1.23899
-1.23912
-1.23924
-1.23937
-1.23949
-1.23961
-1.23974
-1.23986
-1.23998
-1.2401
-1.24022
-1.24033
-1.24045
-1.24057
-1.24068
-1.2408
-1.24091
-1.24102
-1.24113
-1.24124
-1.24135
-1.24146
-1.24157
-1.24168
-1.24179
-1.24189
-1.242
-1.2421
-1.2422
-1.24231
-1.24241
-1.24251
-1.24261
-1.24271
-1.24281
-1.24291
-1.243
-1.2431
-1.24319
-1.24329
-1.24338
-1.24348
-1.24357
-1.24366
-1.24375
-1.24384
-1.24393
-1.24402
-1.24411
-1.24419
-1.24428
-1.24437
-1.24445
-1.24453
-1.24462
-1.2447
-1.24478
-1.24486
-1.24494
-1.24502
-1.2451
-1.24518
-1.24526
-1.24533
-1.24541
-1.24549
-1.24556
-1.24563
-1.24571
-1.24578
-1.24585
-1.24592
-1.24599
-1.24606
-1.24613
-1.2462
-1.24627
-1.24634
-1.2464
-1.24647
-1.24653
-1.2466
-1.24666
-1.24672
-1.24679
-1.24685
-1.24691
-1.24697
-1.24703
-1.24709
-1.24715
-1.2472
-1.24726
-1.24732
-1.24737
-1.24743
-1.24748
-1.24754
-1.24759
-1.24764
-1.24769
-1.24774
-1.2478
-1.24785
-1.24789
-1.24794
-1.24799
-1.24804
-1.24809
-1.24813
-1.24818
-1.24822
-1.24827
-1.24831
-1.24836
-1.2484
-1.24844
-1.24848
-1.24852
-1.24856
-1.2486
-1.24864
-1.24868
-1.24872
-1.24876
-1.24879
-1.24883
-1.24886
-1.2489
-1.24893
-1.24897
-1.249
-1.24903
-1.24906
-1.2491
-1.24913
-1.24916
-1.24919
-1.24922
-1.24925
-1.24927
-1.2493
-1.24933
-1.24935
-1.24938
-1.24941
-1.24943
-1.24946
-1.24948
-1.2495
-1.24952
-1.24955
-1.24957
-1.24959
-1.24961
-1.24963
-1.24965
-1.24967
-1.24969
-1.2497
-1.24972
-1.24974
-1.24975
-1.24977
-1.24978
-1.2498
-1.24981
-1.24983
-1.24984
-1.24985
-1.24986
-1.24988
-1.24989
-1.2499
-1.24991
-1.24992
-1.24993
-1.24993
-1.24994
-1.24995
-1.24996
-1.24996
-1.24997
-1.24997
-1.24998
-1.24998
-1.24999
-1.24999
-1.24999
-1.25
-1.25
-1.25
-1.25
-1.25
-1.25
-1.25
-1.25
-1.25
-1.24999
-1.24999
-1.24999
-1.24999
-1.24998
-1.24998
-1.24997
-1.24997
-1.24996
-1.24996
-1.24995
-1.24994
-1.24993
-1.24993
-1.24992
-1.24991
-1.2499
-1.24989
-1.24988
-1.24987
-1.24985
-1.24984
-1.24983
-1.24982
-1.2498
-1.24979
-1.24978
-1.24976
-1.24975
-1.24973
-1.24971
-1.2497
-1.24968
-1.24966
-1.24965
-1.24963
-1.24961
-1.24959
-1.24957
-1.24955
-1.24953
-1.24951
-1.24949
-1.24947
-1.24944
-1.24942
-1.2494
-1.24937
-1.24935
-1.24932
-1.2493
-1.24927
-1.24925
-1.24922
-1.2492
-1.24917
-1.24914
-1.24911
-1.24908
-1.24906
-1.24903
-1.249
-1.24897
-1.24894
-1.24891
-1.24887
-1.24884
-1.24881
-1.24878
-1.24874
-1.24871
-1.24868
-1.24864
-1.24861
-1.24857
-1.24854
-1.2485
-1.24847
-1.24843
-1.24839
-1.24835
-1.24832
-1.24828
-1.24824
-1.2482
-1.24816
-1.24812
-1.24808
-1.24804
-1.248
-1.24795
-1.24791
-1.24787
-1.24783
-1.24778
-1.24774
-1.2477
-1.24765
-1.24761
-1.24756
-1.24752
-1.24747
-1.24742
-1.24738
-1.24733
-1.24728
-1.24723
-1.24718
-1.24714
-1.24709
-1.24704
-1.24699
-1.24694
-1.24688
-1.24683
-1.24678
-1.24673
-1.24668
-1.24662
-1.24657
-1.24652
-1.24646
-1.24641
-1.24635
-1.2463
-1.24624
-1.24619
-1.24613
-1.24608
-1.24602
-1.24596
-1.2459
-1.24584
-1.24579
-1.24573
-1.24567
-1.24561
-1.24555
-1.24549
-1.24543
-1.24537
-1.2453
-1.24524
-1.24518
-1.24512
-1.24505
-1.24499
-1.24493
-1.24486
-1.2448
-1.24473
-1.24467
-1.2446
-1.24454
-1.24447
-1.2444
-1.24433
-1.24427
-1.2442
-1.24413
-1.24406
-1.24399
-1.24392
-1.24385
-1.24378
-1.24371
-1.24364
-1.24357
-1.2435
-1.24343
-1.24335
-1.24328
-1.24321
-1.24314
-1.24306
-1.24299
-1.24291
-1.24284
-1.24276
-1.24269
-1.24261
-1.24254
-1.24246
-1.24238
-1.2423
-1.24223
-1.24215
-1.24207
-1.24199
-1.24191
-1.24183
-1.24175
-1.24167
-1.24159
-1.24151
-1.24143
-1.24135
-1.24127
-1.24118
-1.2411
-1.24102
-1.24093
-1.24085
-1.24077
-1.24068
-1.2406
-1.24051
-1.24043
-1.24034
-1.24025
-1.24017
-1.24008
-1.23999
-1.2399
-1.23982
-1.23973
-1.23964
-1.23955
-1.23946
-1.23937
-1.23928
-1.23919
-1.2391
-1.23901
-1.23892
-1.23883
-1.23873
-1.23864
-1.23855
-1.23846
-1.23836
-1.23827
-1.23817
-1.23808
-1.23798
-1.23789
-1.23779
-1.2377
-1.2376
-1.2375
-1.23741
-1.23731
-1.23721
-1.23711
-1.23702
-1.23692
-1.23682
-1.23672
-1.23662
-1.23652
-1.23642
-1.23632
-1.23622
-1.23612
-1.23601
-1.23591
-1.23581
-1.23571
-1.2356
-1.2355
-1.2354
-1.23529
-1.23519
-1.23508
-1.23498
-1.23487
-1.23477
-1.23466
-1.23455
-1.23445
-1.23434
-1.23423
-1.23412
-1.23402
-1.23391
-1.2338
-1.23369
-1.23358
-1.23347
-1.23336
-1.23325
-1.23314
-1.23303
-1.23292
-1.2328
-1.23269
-1.23258
-1.23247
-1.23235
-1.23224
-1.23213
-1.23201
-1.2319
-1.23178
-1.23167
-1.23155
-1.23144
-1.23132
-1.2312
-1.23109
-1.23097
-1.23085
-1.23073
-1.23062
-1.2305
-1.23038
-1.23026
-1.23014
-1.23002
-1.2299
-1.22978
-1.22966
-1.22954
-1.22942
-1.2293
-1.22917
-1.22905
-1.22893
-1.2288
-1.22868
-1.22856
-1.22843
-1.22831
-1.22818
-1.22806
-1.22793
-1.22781
-1.22768
-1.22756
-1.22743
-1.2273
-1.22717
-1.22705
-1.22692
-1.22679
-1.22666
-1.22653
-1.2264
-1.22627
-1.22614
-1.22601
-1.22588
-1.22575
-1.22562
-1.22549
-1.22536
-1.22522
-1.22509
-1.22496
-1.22483
-1.22469
-1.22456
-1.22442
-1.22429
-1.22415
-1.22402
-1.22388
-1.22375
-1.22361
-1.22348
-1.22334
-1.2232
-1.22306
-1.22293
-1.22279
-1.22265
-1.22251
-1.22237
-1.22223
-1.22209
-1.22195
-1.22181
-1.22167
-1.22153
-1.22139
-1.22125
-1.2211
-1.22096
-1.22082
-1.22068
-1.22053
-1.22039
-1.22025
-1.2201
-1.21996
-1.21981
-1.21967
-1.21952
-1.21937
-1.21923
-1.21908
-1.21893
-1.21879
-1.21864
-1.21849
-1.21834
-1.2182
-1.21805
-1.2179
-1.21775
-1.2176
-1.21745
-1.2173
-1.21715
-1.21699
-1.21684
-1.21669
-1.21654
-1.21639
-1.21623
-1.21608
-1.21593
-1.21577
-1.21562
-1.21547
-1.21531
-1.21516
-1.215
-1.21484
-1.21469
-1.21453
-1.21437
-1.21422
-1.21406
-1.2139
-1.21374
-1.21359
-1.21343
-1.21327
-1.21311
-1.21295
-1.21279
-1.21263
-1.21247
-1.21231
-1.21215
-1.21198
-1.21182
-1.21166
-1.2115
-1.21134
-1.21117
-1.21101
-1.21084
-1.21068
-1.21052
-1.21035
-1.21019
-1.21002
-1.20985
-1.20969
-1.20952
-1.20935
-1.20919
-1.20902
-1.20885
-1.20868
-1.20852
-1.20835
-1.20818
-1.20801
-1.20784
-1.20767
-1.2075
-1.20733
-1.20716
-1.20698
-1.20681
-1.20664
-1.20647
-1.2063
-1.20612
-1.20595
-1.20577
-1.2056
-1.20543
-1.20525
-1.20508
-1.2049
-1.20473
-1.20455
-1.20437
-1.2042
-1.20402
-1.20384
-1.20366
-1.20349
-1.20331
-1.20313
-1.20295
-1.20277
-1.20259
-1.20241
-1.20223
-1.20205
-1.20187
-1.20169
-1.20151
-1.20132
-1.20114
-1.20096
-1.20078
-1.20059
-1.20041
-1.20022
-1.20004
-1.19986
-1.19967
-1.19949
-1.1993
-1.19911
-1.19893
-1.19874
-1.19855
-1.19837
-1.19818
-1.19799
-1.1978
-1.19761
-1.19742
-1.19724
-1.19705
-1.19686
-1.19667
-1.19647
-1.19628
-1.19609
-1.1959
-1.19571
-1.19552
-1.19532
-1.19513
-1.19494
-1.19474
-1.19455
-1.19436
-1.19416
-1.19397
-1.19377
-1.19357
-1.19338
-1.19318
-1.19299
-1.19279
-1.19259
-1.19239
-1.19219
-1.192
-1.1918
-1.1916
-1.1914
-1.1912
-1.191
-1.1908
-1.1906
-1.1904
-1.1902
-1.18999
-1.18979
-1.18959
-1.18939
-1.18918
-1.18898
-1.18878
-1.18857
-1.18837
-1.18816
-1.18796
-1.18775
-1.18755
-1.18734
-1.18713
-1.18693
-1.18672
-1.18651
-1.1863
-1.18609
-1.18589
-1.18568
-1.18547
-1.18526
-1.18505
-1.18484
-1.18463
-1.18442
-1.1842
-1.18399
-1.18378
-1.18357
-1.18336
-1.18314
-1.18293
-1.18272
-1.1825
-1.18229
-1.18207
-1.18186
-1.18164
-1.18142
-1.18121
-1.18099
-1.18078
-1.18056
-1.18034
-1.18012
-1.1799
-1.17969
-1.17947
-1.17925
-1.17903
-1.17881
-1.17859
-1.17837
-1.17814
-1.17792
-1.1777
-1.17748
-1.17726
-1.17703
-1.17681
-1.17659
-1.17636
-1.17614
-1.17591
-1.17569
-1.17546
-1.17524
-1.17501
-1.17479
-1.17456
-1.17433
-1.1741
-1.17388
-1.17365
-1.17342
-1.17319
-1.17296
-1.17273
-1.1725
-1.17227
-1.17204
-1.17181
-1.17158
-1.17135
-1.17111
-1.17088
-1.17065
-1.17042
-1.17018
-1.16995
-1.16971
-1.16948
-1.16925
-1.16901
-1.16877
-1.16854
-1.1683
-1.16806
-1.16783
-1.16759
-1.16735
-1.16711
-1.16688
-1.16664
-1.1664
-1.16616
-1.16592
-1.16568
-1.16544
-1.1652
-1.16495
-1.16471
-1.16447
-1.16423
-1.16398
-1.16374
-1.1635
-1.16325
-1.16301
-1.16276
-1.16252
-1.16227
-1.16203
-1.16178
-1.16154
-1.16129
-1.16104
-1.16079
-1.16055
-1.1603
-1.16005
-1.1598
-1.15955
-1.1593
-1.15905
-1.1588
-1.15855
-1.1583
-1.15804
-1.15779
-1.15754
-1.15729
-1.15703
-1.15678
-1.15653
-1.15627
-1.15602
-1.15576
-1.15551
-1.15525
-1.15499
-1.15474
-1.15448
-1.15422
-1.15397
-1.15371
-1.15345
-1.15319
-1.15293
-1.15267
-1.15241
-1.15215
-1.15189
-1.15163
-1.15137
-1.15111
-1.15084
-1.15058
-1.15032
-1.15006
-1.14979
-1.14953
-1.14926
-1.149
-1.14873
-1.14847
-1.1482
-1.14793
-1.14767
-1.1474
-1.14713
-1.14687
-1.1466
-1.14633
-1.14606
-1.14579
-1.14552
-1.14525
-1.14498
-1.14471
-1.14444
-1.14416
-1.14389
-1.14362
-1.14335
-1.14307
-1.1428
-1.14253
-1.14225
-1.14198
-1.1417
-1.14143
-1.14115
-1.14087
-1.1406
-1.14032
-1.14004
-1.13976
-1.13948
-1.13921
-1.13893
-1.13865
-1.13837
-1.13809
-1.13781
-1.13752
-1.13724
-1.13696
-1.13668
-1.1364
-1.13611
-1.13583
-1.13555
-1.13526
-1.13498
-1.13469
-1.13441
-1.13412
-1.13383
-1.13355
-1.13326
-1.13297
-1.13268
-1.1324
-1.13211
-1.13182
-1.13153
-1.13124
-1.13095
-1.13066
-1.13037
-1.13008
-1.12978
-1.12949
-1.1292
-1.12891
-1.12861
-1.12832
-1.12802
-1.12773
-1.12743
-1.12714
-1.12684
-1.12655
-1.12625
-1.12595
-1.12565
-1.12536
-1.12506
-1.12476
-1.12446
-1.12416
-1.12386
-1.12356
-1.12326
-1.12296
-1.12266
-1.12235
-1.12205
-1.12175
-1.12145
-1.12114
-1.12084
-1.12053
-1.12023
-1.11992
-1.11962
-1.11931
-1.119
-1.1187
-1.11839
-1.11808
-1.11777
-1.11747
-1.11716
-1.11685
-1.11654
-1.11623
-1.11592
-1.1156
-1.11529
-1.11498
-1.11467
-1.11436
-1.11404
-1.11373
-1.11341
-1.1131
-1.11278
-1.11247
-1.11215
-1.11184
-1.11152
-1.1112
-1.11089
-1.11057
-1.11025
-1.10993
-1.10961
-1.10929
-1.10897
-1.10865
-1.10833
-1.10801
-1.10769
-1.10737
-1.10704
-1.10672
-1.1064
-1.10607
-1.10575
-1.10542
-1.1051
-1.10477
-1.10445
-1.10412
-1.10379
-1.10346
-1.10314
-1.10281
-1.10248
-1.10215
-1.10182
-1.10149
-1.10116
-1.10083
-1.1005
-1.10017
-1.09983
-1.0995
-1.09917
-1.09884
-1.0985
-1.09817
-1.09783
-1.0975
-1.09716
-1.09683
-1.09649
-1.09615
-1.09581
-1.09548
-1.09514
-1.0948
-1.09446
-1.09412
-1.09378
-1.09344
-1.0931
-1.09276
-1.09242
-1.09207
-1.09173
-1.09139
-1.09104
-1.0907
-1.09035
-1.09001
-1.08966
-1.08932
-1.08897
-1.08862
-1.08828
-1.08793
-1.08758
-1.08723
-1.08688
-1.08653
-1.08618
-1.08583
-1.08548
-1.08513
-1.08478
-1.08443
-1.08407
-1.08372
-1.08337
-1.08301
-1.08266
-1.0823
-1.08195
-1.08159
-1.08124
-1.08088
-1.08052
-1.08016
-1.07981
-1.07945
-1.07909
-1.07873
-1.07837
-1.07801
-1.07765
-1.07729
-1.07692
-1.07656
-1.0762
-1.07584
-1.07547
-1.07511
-1.07474
-1.07438
-1.07401
-1.07365
-1.07328
-1.07291
-1.07254
-1.07218
-1.07181
-1.07144
-1.07107
-1.0707
-1.07033
-1.06996
-1.06959
-1.06922
-1.06884
-1.06847
-1.0681
-1.06772
-1.06735
-1.06697
-1.0666
-1.06622
-1.06585
-1.06547
-1.06509
-1.06472
-1.06434
-1.06396
-1.06358
-1.0632
-1.06282
-1.06244
-1.06206
-1.06168
-1.0613
-1.06092
-1.06053
-1.06015
-1.05977
-1.05938
-1.059
-1.05861
-1.05823
-1.05784
-1.05745
-1.05707
-1.05668
-1.05629
-1.0559
-1.05551
-1.05512
-1.05473
-1.05434
-1.05395
-1.05356
-1.05317
-1.05277
-1.05238
-1.05199
-1.05159
-1.0512
-1.0508
-1.05041
-1.05001
-1.04962
-1.04922
-1.04882
-1.04842
-1.04803
-1.04763
-1.04723
-1.04683
-1.04643
-1.04603
-1.04562
-1.04522
-1.04482
-1.04442
-1.04401
-1.04361
-1.0432
-1.0428
-1.04239
-1.04199
-1.04158
-1.04117
-1.04077
-1.04036
-1.03995
-1.03954
-1.03913
-1.03872
-1.03831
-1.0379
-1.03749
-1.03708
-1.03666
-1.03625
-1.03584
-1.03542
-1.03501
-1.03459
-1.03418
-1.03376
-1.03334
-1.03293
-1.03251
-1.03209
-1.03167
-1.03125
-1.03083
-1.03041
-1.02999
-1.02957
-1.02915
-1.02873
-1.0283
-1.02788
-1.02746
-1.02703
-1.02661
-1.02618
-1.02576
-1.02533
-1.0249
-1.02447
-1.02405
-1.02362
-1.02319
-1.02276
-1.02233
-1.0219
-1.02147
-1.02103
-1.0206
-1.02017
-1.01974
-1.0193
-1.01887
-1.01843
-1.018
-1.01756
-1.01712
-1.01669
-1.01625
-1.01581
-1.01537
-1.01493
-1.01449
-1.01405
-1.01361
-1.01317
-1.01273
-1.01229
-1.01184
-1.0114
-1.01096
-1.01051
-1.01007
-1.00962
-1.00917
-1.00873
-1.00828
-1.00783
-1.00738
-1.00694
-1.00649
-1.00604
-1.00558
-1.00513
-1.00468
-1.00423
-1.00378
-1.00332
-1.00287
-1.00242
-1.00196
-1.00151
-1.00105
-1.00059
-1.00014
-0.999678
-0.999219
-0.998761
-0.998301
-0.997841
-0.997381
-0.99692
-0.996458
-0.995996
-0.995534
-0.99507
-0.994607
-0.994142
-0.993677
-0.993212
-0.992746
-0.992279
-0.991812
-0.991344
-0.990876
-0.990407
-0.989938
-0.989468
-0.988998
-0.988526
-0.988055
-0.987583
-0.98711
-0.986637
-0.986163
-0.985688
-0.985213
-0.984738
-0.984262
-0.983785
-0.983308
-0.98283
-0.982351
-0.981872
-0.981393
-0.980913
-0.980432
-0.979951
-0.979469
-0.978987
-0.978504
-0.97802
-0.977536
-0.977051
-0.976566
-0.97608
-0.975594
-0.975107
-0.974619
-0.974131
-0.973642
-0.973153
-0.972663
-0.972173
-0.971682
-0.97119
-0.970698
-0.970205
-0.969712
-0.969218
-0.968723
-0.968228
-0.967733
-0.967236
-0.966739
-0.966242
-0.965744
-0.965245
-0.964746
-0.964246
-0.963746
-0.963245
-0.962744
-0.962242
-0.961739
-0.961235
-0.960732
-0.960227
-0.959722
-0.959216
-0.95871
-0.958203
-0.957696
-0.957188
-0.956679
-0.95617
-0.95566
-0.95515
-0.954639
-0.954127
-0.953615
-0.953102
-0.952589
-0.952075
-0.95156
-0.951045
-0.950529
-0.950013
-0.949496
-0.948978
-0.94846
-0.947941
-0.947422
-0.946902
-0.946382
-0.94586
-0.945339
-0.944816
-0.944293
-0.94377
-0.943245
-0.94272
-0.942195
-0.941669
-0.941142
-0.940615
-0.940087
-0.939559
-0.93903
-0.9385
-0.93797
-0.937439
-0.936907
-0.936375
-0.935842
-0.935309
-0.934775
-0.934241
-0.933705
-0.93317
-0.932633
-0.932096
-0.931558
-0.93102
-0.930481
-0.929942
-0.929402
-0.928861
-0.92832
-0.927778
-0.927235
-0.926692
-0.926148
-0.925603
-0.925058
-0.924513
-0.923966
-0.923419
-0.922872
-0.922324
-0.921775
-0.921225
-0.920675
-0.920124
-0.919573
-0.919021
-0.918469
-0.917915
-0.917362
-0.916807
-0.916252
-0.915696
-0.91514
-0.914583
-0.914025
-0.913467
-0.912908
-0.912349
-0.911789
-0.911228
-0.910666
-0.910104
-0.909542
-0.908978
-0.908414
-0.90785
-0.907285
-0.906719
-0.906152
-0.905585
-0.905017
-0.904449
-0.90388
-0.90331
-0.90274
-0.902169
-0.901597
-0.901025
-0.900452
-0.899878
-0.899304
-0.898729
-0.898154
-0.897578
-0.897001
-0.896424
-0.895846
-0.895267
-0.894688
-0.894108
-0.893527
-0.892946
-0.892364
-0.891781
-0.891198
-0.890614
-0.89003
-0.889445
-0.888859
-0.888272
-0.887685
-0.887097
-0.886509
-0.88592
-0.88533
-0.88474
-0.884149
-0.883557
-0.882965
-0.882372
-0.881778
-0.881184
-0.880589
-0.879993
-0.879397
-0.8788
-0.878202
-0.877604
-0.877005
-0.876405
-0.875805
-0.875204
-0.874603
-0.874001
-0.873398
-0.872794
-0.87219
-0.871585
-0.87098
-0.870373
-0.869766
-0.869159
-0.868551
-0.867942
-0.867332
-0.866722
-0.866111
-0.8655
-0.864888
-0.864275
-0.863661
-0.863047
-0.862432
-0.861817
-0.8612
-0.860584
-0.859966
-0.859348
-0.858729
-0.858109
-0.857489
-0.856868
-0.856247
-0.855624
-0.855002
-0.854378
-0.853754
-0.853129
-0.852503
-0.851877
-0.85125
-0.850622
-0.849994
-0.849365
-0.848735
-0.848105
-0.847474
-0.846842
-0.84621
-0.845577
-0.844943
-0.844309
-0.843673
-0.843038
-0.842401
-0.841764
-0.841126
-0.840488
-0.839849
-0.839209
-0.838568
-0.837927
-0.837285
-0.836642
-0.835999
-0.835355
-0.83471
-0.834065
-0.833419
-0.832772
-0.832125
-0.831477
-0.830828
-0.830178
-0.829528
-0.828877
-0.828226
-0.827574
-0.826921
-0.826267
-0.825613
-0.824958
-0.824302
-0.823646
-0.822989
-0.822331
-0.821672
-0.821013
-0.820353
-0.819693
-0.819032
-0.81837
-0.817707
-0.817044
-0.81638
-0.815715
-0.81505
-0.814384
-0.813717
-0.813049
-0.812381
-0.811712
-0.811043
-0.810372
-0.809701
-0.80903
-0.808357
-0.807684
-0.807011
-0.806336
-0.805661
-0.804985
-0.804308
-0.803631
-0.802953
-0.802274
-0.801595
-0.800915
-0.800234
-0.799553
-0.798871
-0.798188
-0.797504
-0.79682
-0.796135
-0.795449
-0.794763
-0.794076
-0.793388
-0.792699
-0.79201
-0.79132
-0.790629
-0.789938
-0.789246
-0.788553
-0.78786
-0.787165
-0.786471
-0.785775
-0.785079
-0.784382
-0.783684
-0.782985
-0.782286
-0.781586
-0.780886
-0.780185
-0.779483
-0.77878
-0.778076
-0.777372
-0.776668
-0.775962
-0.775256
-0.774549
-0.773841
-0.773133
-0.772424
-0.771714
-0.771003
-0.770292
-0.76958
-0.768867
-0.768154
-0.76744
-0.766725
-0.766009
-0.765293
-0.764576
-0.763859
-0.76314
-0.762421
-0.761701
-0.760981
-0.760259
-0.759537
-0.758815
-0.758091
-0.757367
-0.756642
-0.755917
-0.75519
-0.754463
-0.753736
-0.753007
-0.752278
-0.751548
-0.750818
-0.750086
-0.749354
-0.748621
-0.747888
-0.747154
-0.746419
-0.745683
-0.744947
-0.74421
-0.743472
-0.742733
-0.741994
-0.741254
-0.740513
-0.739772
-0.73903
-0.738287
-0.737543
-0.736799
-0.736054
-0.735308
-0.734562
-0.733815
-0.733067
-0.732318
-0.731569
-0.730819
-0.730068
-0.729316
-0.728564
-0.727811
-0.727057
-0.726303
-0.725548
-0.724792
-0.724035
-0.723278
-0.72252
-0.721761
-0.721002
-0.720241
-0.71948
-0.718719
-0.717956
-0.717193
-0.716429
-0.715665
-0.7149
-0.714134
-0.713367
-0.712599
-0.711831
-0.711062
-0.710292
-0.709522
-0.708751
-0.707979
-0.707207
-0.706433
-0.705659
-0.704884
-0.704109
-0.703333
-0.702556
-0.701778
-0.701
-0.700221
-0.699441
-0.69866
-0.697879
-0.697097
-0.696314
-0.695531
-0.694747
-0.693962
-0.693176
-0.69239
-0.691603
-0.690815
-0.690026
-0.689237
-0.688447
-0.687656
-0.686865
-0.686072
-0.68528
-0.684486
-0.683692
-0.682896
-0.682101
-0.681304
-0.680507
-0.679709
-0.67891
-0.678111
-0.67731
-0.676509
-0.675708
-0.674905
-0.674102
-0.673298
-0.672494
-0.671689
-0.670883
-0.670076
-0.669268
-0.66846
-0.667651
-0.666842
-0.666031
-0.66522
-0.664408
-0.663596
-0.662783
-0.661969
-0.661154
-0.660338
-0.659522
-0.658705
-0.657888
-0.657069
-0.65625
-0.65543
-0.65461
-0.653789
-0.652967
-0.652144
-0.65132
-0.650496
-0.649671
-0.648846
-0.648019
-0.647192
-0.646365
-0.645536
-0.644707
-0.643877
-0.643046
-0.642215
-0.641383
-0.64055
-0.639716
-0.638882
-0.638047
-0.637211
-0.636375
-0.635538
-0.6347
-0.633861
-0.633022
-0.632182
-0.631341
-0.630499
-0.629657
-0.628814
-0.627971
-0.627126
-0.626281
-0.625435
-0.624589
-0.623741
-0.622893
-0.622045
-0.621195
-0.620345
-0.619494
-0.618643
-0.61779
-0.616937
-0.616084
-0.615229
-0.614374
-0.613518
-0.612661
-0.611804
-0.610946
-0.610087
-0.609228
-0.608368
-0.607507
-0.606645
-0.605783
-0.60492
-0.604056
-0.603191
-0.602326
-0.60146
-0.600594
-0.599726
-0.598858
-0.59799
-0.59712
-0.59625
-0.595379
-0.594507
-0.593635
-0.592762
-0.591888
-0.591014
-0.590139
-0.589263
-0.588386
-0.587509
-0.586631
-0.585752
-0.584873
-0.583993
-0.583112
-0.58223
-0.581348
-0.580465
-0.579582
-0.578697
-0.577812
-0.576926
-0.57604
-0.575153
-0.574265
-0.573376
-0.572487
-0.571597
-0.570707
-0.569815
-0.568923
-0.56803
-0.567137
-0.566243
-0.565348
-0.564452
-0.563556
-0.562659
-0.561761
-0.560863
-0.559964
-0.559064
-0.558164
-0.557262
-0.556361
-0.555458
-0.554555
-0.553651
-0.552746
-0.551841
-0.550935
-0.550028
-0.549121
-0.548213
-0.547304
-0.546394
-0.545484
-0.544573
-0.543662
-0.54275
-0.541837
-0.540923
-0.540009
-0.539094
-0.538178
-0.537262
-0.536345
-0.535427
-0.534509
-0.53359
-0.53267
-0.53175
-0.530829
-0.529907
-0.528984
-0.528061
-0.527137
-0.526213
-0.525288
-0.524362
-0.523435
-0.522508
-0.52158
-0.520651
-0.519722
-0.518792
-0.517862
-0.51693
-0.515998
-0.515066
-0.514133
-0.513199
-0.512264
-0.511329
-0.510393
-0.509456
-0.508519
-0.507581
-0.506642
-0.505703
-0.504763
-0.503822
-0.502881
-0.501939
-0.500996
-0.500053
-0.499109
-0.498165
-0.497219
-0.496273
-0.495327
-0.49438
-0.493432
-0.492483
-0.491534
-0.490584
-0.489634
-0.488683
-0.487731
-0.486778
-0.485825
-0.484871
-0.483917
-0.482962
-0.482006
-0.48105
-0.480093
-0.479135
-0.478177
-0.477218
-0.476258
-0.475298
-0.474337
-0.473376
-0.472413
-0.471451
-0.470487
-0.469523
-0.468558
-0.467593
-0.466627
-0.46566
-0.464693
-0.463725
-0.462757
-0.461788
-0.460818
-0.459847
-0.458876
-0.457905
-0.456932
-0.455959
-0.454986
-0.454012
-0.453037
-0.452061
-0.451085
-0.450109
-0.449131
-0.448153
-0.447175
-0.446196
-0.445216
-0.444235
-0.443254
-0.442273
-0.44129
-0.440308
-0.439324
-0.43834
-0.437355
-0.43637
-0.435384
-0.434397
-0.43341
-0.432422
-0.431434
-0.430445
-0.429456
-0.428465
-0.427475
-0.426483
-0.425491
-0.424499
-0.423506
-0.422512
-0.421517
-0.420522
-0.419527
-0.418531
-0.417534
-0.416537
-0.415539
-0.41454
-0.413541
-0.412541
-0.411541
-0.41054
-0.409539
-0.408537
-0.407534
-0.406531
-0.405527
-0.404523
-0.403518
-0.402512
-0.401506
-0.400499
-0.399492
-0.398484
-0.397476
-0.396467
-0.395457
-0.394447
-0.393436
-0.392425
-0.391413
-0.390401
-0.389388
-0.388374
-0.38736
-0.386346
-0.385331
-0.384315
-0.383298
-0.382282
-0.381264
-0.380246
-0.379228
-0.378208
-0.377189
-0.376169
-0.375148
-0.374127
-0.373105
-0.372082
-0.371059
-0.370036
-0.369012
-0.367987
-0.366962
-0.365937
-0.36491
-0.363884
-0.362856
-0.361829
-0.3608
-0.359771
-0.358742
-0.357712
-0.356682
-0.355651
-0.354619
-0.353587
-0.352555
-0.351521
-0.350488
-0.349454
-0.348419
-0.347384
-0.346348
-0.345312
-0.344275
-0.343238
-0.3422
-0.341162
-0.340123
-0.339084
-0.338044
-0.337004
-0.335963
-0.334922
-0.33388
-0.332838
-0.331795
-0.330752
-0.329708
-0.328664
-0.327619
-0.326574
-0.325528
-0.324482
-0.323435
-0.322388
-0.32134
-0.320292
-0.319243
-0.318194
-0.317144
-0.316094
-0.315044
-0.313992
-0.312941
-0.311889
-0.310836
-0.309783
-0.30873
-0.307676
-0.306622
-0.305567
-0.304511
-0.303456
-0.302399
-0.301343
-0.300285
-0.299228
-0.29817
-0.297111
-0.296052
-0.294993
-0.293933
-0.292872
-0.291811
-0.29075
-0.289688
-0.288626
-0.287564
-0.286501
-0.285437
-0.284373
-0.283309
-0.282244
-0.281179
-0.280113
-0.279047
-0.277981
-0.276914
-0.275846
-0.274778
-0.27371
-0.272641
-0.271572
-0.270503
-0.269433
-0.268362
-0.267292
-0.266221
-0.265149
-0.264077
-0.263004
-0.261932
-0.260858
-0.259785
-0.258711
-0.257636
-0.256561
-0.255486
-0.25441
-0.253334
-0.252258
-0.251181
-0.250104
-0.249026
-0.247948
-0.24687
-0.245791
-0.244712
-0.243632
-0.242552
-0.241472
-0.240391
-0.23931
-0.238229
-0.237147
-0.236064
-0.234982
-0.233899
-0.232816
-0.231732
-0.230648
-0.229563
-0.228479
-0.227393
-0.226308
-0.225222
-0.224136
-0.223049
-0.221962
-0.220875
-0.219787
-0.218699
-0.217611
-0.216522
-0.215433
-0.214344
-0.213254
-0.212164
-0.211074
-0.209983
-0.208892
-0.207801
-0.206709
-0.205617
-0.204524
-0.203432
-0.202339
-0.201245
-0.200152
-0.199058
-0.197963
-0.196869
-0.195774
-0.194679
-0.193583
-0.192487
-0.191391
-0.190294
-0.189198
-0.188101
-0.187003
-0.185905
-0.184807
-0.183709
-0.182611
-0.181512
-0.180413
-0.179313
-0.178213
-0.177113
-0.176013
-0.174912
-0.173811
-0.17271
-0.171609
-0.170507
-0.169405
-0.168303
-0.1672
-0.166097
-0.164994
-0.163891
-0.162787
-0.161684
-0.160579
-0.159475
-0.15837
-0.157265
-0.15616
-0.155055
-0.153949
-0.152843
-0.151737
-0.150631
-0.149524
-0.148417
-0.14731
-0.146203
-0.145095
-0.143987
-0.142879
-0.141771
-0.140662
-0.139553
-0.138444
-0.137335
-0.136226
-0.135116
-0.134006
-0.132896
-0.131786
-0.130675
-0.129564
-0.128453
-0.127342
-0.126231
-0.125119
-0.124007
-0.122895
-0.121783
-0.120671
-0.119558
-0.118445
-0.117332
-0.116219
-0.115106
-0.113992
-0.112878
-0.111765
-0.11065
-0.109536
-0.108422
-0.107307
-0.106192
-0.105077
-0.103962
-0.102847
-0.101731
-0.100616
-0.0994997
-0.0983837
-0.0972675
-0.0961512
-0.0950347
-0.093918
-0.0928013
-0.0916843
-0.0905672
-0.08945
-0.0883326
-0.087215
-0.0860974
-0.0849795
-0.0838616
-0.0827435
-0.0816253
-0.0805069
-0.0793884
-0.0782698
-0.077151
-0.0760321
-0.0749131
-0.073794
-0.0726747
-0.0715553
-0.0704358
-0.0693162
-0.0681965
-0.0670767
-0.0659567
-0.0648367
-0.0637165
-0.0625962
-0.0614759
-0.0603554
-0.0592348
-0.0581142
-0.0569934
-0.0558725
-0.0547516
-0.0536305
-0.0525094
-0.0513882
-0.0502669
-0.0491455
-0.0480241
-0.0469025
-0.0457809
-0.0446592
-0.0435374
-0.0424156
-0.0412937
-0.0401717
-0.0390496
-0.0379275
-0.0368054
-0.0356831
-0.0345608
-0.0334385
-0.0323161
-0.0311936
-0.0300711
-0.0289485
-0.0278259
-0.0267033
-0.0255806
-0.0244578
-0.0233351
-0.0222122
-0.0210894
-0.0199665
-0.0188436
-0.0177206
-0.0165976
-0.0154746
-0.0143516
-0.0132285
-0.0121054
-0.0109823
-0.00985921
-0.00873607
-0.00761292
-0.00648975
-0.00536658
-0.00424339
-0.0031202
-0.00199701
-0.000873806
0.000249395
0.0013726
0.00249579
0.00361899
0.00474218
0.00586536
0.00698853
0.00811169
0.00923483
0.010358
0.0114811
0.0126042
0.0137272
0.0148503
0.0159733
0.0170963
0.0182193
0.0193422
0.0204651
0.021588
0.0227109
0.0238337
0.0249564
0.0260791
0.0272018
0.0283245
0.029447
0.0305696
0.0316921
0.0328145
0.0339369
0.0350592
0.0361815
0.0373037
0.0384258
0.0395479
0.0406699
0.0417919
0.0429138
0.0440356
0.0451573
0.046279
0.0474006
0.0485221
0.0496435
0.0507649
0.0518861
0.0530073
0.0541284
0.0552494
0.0563703
0.0574911
0.0586118
0.0597325
0.060853
0.0619734
0.0630937
0.064214
0.0653341
0.0664541
0.067574
0.0686938
0.0698134
0.070933
0.0720524
0.0731718
0.074291
0.07541
0.076529
0.0776478
0.0787665
0.0798851
0.0810035
0.0821219
0.08324
0.0843581
0.085476
0.0865937
0.0877113
0.0888288
0.0899461
0.0910633
0.0921803
0.0932972
0.0944139
0.0955305
0.0966469
0.0977632
0.0988793
0.0999952
0.101111
0.102227
0.103342
0.104457
0.105572
0.106687
0.107802
0.108917
0.110031
0.111145
0.112259
0.113373
0.114487
0.1156
0.116714
0.117827
0.118939
0.120052
0.121165
0.122277
0.123389
0.124501
0.125613
0.126724
0.127836
0.128947
0.130058
0.131168
0.132279
0.133389
0.134499
0.135609
0.136718
0.137828
0.138937
0.140046
0.141154
0.142263
0.143371
0.144479
0.145587
0.146694
0.147802
0.148909
0.150015
0.151122
0.152228
0.153334
0.15444
0.155546
0.156651
0.157756
0.158861
0.159965
0.16107
0.162174
0.163278
0.164381
0.165484
0.166587
0.16769
0.168792
0.169894
0.170996
0.172098
0.173199
0.1743
0.175401
0.176502
0.177602
0.178702
0.179801
0.180901
0.182
0.183098
0.184197
0.185295
0.186393
0.187491
0.188588
0.189685
0.190781
0.191878
0.192974
0.19407
0.195165
0.19626
0.197355
0.198449
0.199544
0.200637
0.201731
0.202824
0.203917
0.20501
0.206102
0.207194
0.208285
0.209377
0.210467
0.211558
0.212648
0.213738
0.214828
0.215917
0.217006
0.218094
0.219183
0.22027
0.221358
0.222445
0.223532
0.224618
0.225704
0.22679
0.227875
0.22896
0.230045
0.231129
0.232213
0.233297
0.23438
0.235463
0.236545
0.237627
0.238709
0.23979
0.240871
0.241952
0.243032
0.244112
0.245191
0.24627
0.247349
0.248427
0.249505
0.250582
0.251659
0.252736
0.253812
0.254888
0.255964
0.257039
0.258113
0.259188
0.260262
0.261335
0.262408
0.263481
0.264553
0.265625
0.266696
0.267767
0.268838
0.269908
0.270978
0.272047
0.273116
0.274184
0.275253
0.27632
0.277387
0.278454
0.279521
0.280586
0.281652
0.282717
0.283782
0.284846
0.285909
0.286973
0.288036
0.289098
0.29016
0.291222
0.292283
0.293343
0.294403
0.295463
0.296522
0.297581
0.29864
0.299697
0.300755
0.301812
0.302868
0.303924
0.30498
0.306035
0.30709
0.308144
0.309198
0.310251
0.311304
0.312356
0.313408
0.314459
0.31551
0.316561
0.31761
0.31866
0.319709
0.320757
0.321805
0.322853
0.3239
0.324946
0.325992
0.327038
0.328083
0.329128
0.330172
0.331215
0.332258
0.333301
0.334343
0.335384
0.336426
0.337466
0.338506
0.339546
0.340585
0.341623
0.342661
0.343699
0.344736
0.345772
0.346808
0.347844
0.348879
0.349913
0.350947
0.35198
0.353013
0.354045
0.355077
0.356109
0.357139
0.358169
0.359199
0.360228
0.361257
0.362285
0.363313
0.36434
0.365366
0.366392
0.367417
0.368442
0.369467
0.37049
0.371514
0.372536
0.373559
0.37458
0.375601
0.376622
0.377642
0.378661
0.37968
0.380698
0.381716
0.382733
0.38375
0.384766
0.385781
0.386796
0.387811
0.388825
0.389838
0.390851
0.391863
0.392874
0.393885
0.394896
0.395906
0.396915
0.397924
0.398932
0.399939
0.400946
0.401953
0.402959
0.403964
0.404969
0.405973
0.406976
0.407979
0.408982
0.409983
0.410985
0.411985
0.412985
0.413985
0.414984
0.415982
0.41698
0.417977
0.418973
0.419969
0.420964
0.421959
0.422953
0.423947
0.42494
0.425932
0.426924
0.427915
0.428905
0.429895
0.430884
0.431873
0.432861
0.433849
0.434836
0.435822
0.436808
0.437793
0.438777
0.439761
0.440744
0.441727
0.442709
0.44369
0.444671
0.445651
0.44663
0.447609
0.448588
0.449565
0.450542
0.451519
0.452495
0.45347
0.454444
0.455418
0.456391
0.457364
0.458336
0.459308
0.460278
0.461249
0.462218
0.463187
0.464155
0.465123
0.46609
0.467056
0.468022
0.468987
0.469951
0.470915
0.471878
0.472841
0.473803
0.474764
0.475725
0.476684
0.477644
0.478602
0.47956
0.480518
0.481475
0.482431
0.483386
0.484341
0.485295
0.486248
0.487201
0.488153
0.489105
0.490056
0.491006
0.491956
0.492905
0.493853
0.4948
0.495747
0.496694
0.497639
0.498584
0.499529
0.500472
0.501415
0.502357
0.503299
0.50424
0.50518
0.50612
0.507059
0.507997
0.508935
0.509872
0.510808
0.511744
0.512679
0.513613
0.514547
0.51548
0.516412
0.517344
0.518275
0.519205
0.520135
0.521064
0.521992
0.52292
0.523847
0.524773
0.525698
0.526623
0.527548
0.528471
0.529394
0.530316
0.531238
0.532158
0.533079
0.533998
0.534917
0.535835
0.536752
0.537669
0.538585
0.5395
0.540415
0.541329
0.542242
0.543155
0.544067
0.544978
0.545889
0.546798
0.547708
0.548616
0.549524
0.550431
0.551337
0.552243
0.553148
0.554052
0.554956
0.555859
0.556761
0.557663
0.558564
0.559464
0.560363
0.561262
0.56216
0.563057
0.563954
0.56485
0.565745
0.56664
0.567534
0.568427
0.569319
0.570211
0.571102
0.571992
0.572882
0.573771
0.574659
0.575547
0.576434
0.57732
0.578205
0.57909
0.579974
0.580857
0.58174
0.582622
0.583503
0.584384
0.585264
0.586143
0.587021
0.587899
0.588776
0.589652
0.590527
0.591402
0.592276
0.59315
0.594023
